0 551 561160.1
1 696 518286.37
2 1079 1458648.91233
3 476 456389.630411
4 757 1127873.88768
5 1186 1807867.32959
6 884 1147825.61099
7 628 852023.620366
8 487 406858.020679
9 858 1724968.13402
10 661 525026.971134
11 905 552902.999038
12 629 508161.133301
13 788 796235.37111
14 558 346161.679037
15 587 368536.655968
16 635 619432.821866
17 523 481621.760729
18 496 284662.925358
19 820 735704.564179
20 720 610994.818806
21 703 499962.727294
22 1027 865700.29091
23 586 577112.44303
24 630 381328.848101
25 683 577359.72827
26 534 726206.557609
27 561 399727.485254
28 627 291539.282842
29 641 322811.242761
30 418 253258.041425
31 767 590852.934714
32 783 781047.76449
33 814 696847.49215
34 431 290043.316405
35 653 683122.077213
36 659 571380.86924
37 509 316827.795641
38 613 522227.093188
39 596 347887.73644
40 532 440435.091215
41 709 449779.469707
42 552 282329.715657
43 631 229867.990522
44 650 567813.799684
45 553 442814.393323
46 587 491837.479777
47 688 570577.615993
48 693 499784.520533
49 636 340677.350684
50 477 311120.445023
51 619 355094.248167
52 438 202669.474939
53 696 422761.015831
54 573 667532.100528
55 490 212477.603351
56 700 580048.486778
57 652 591298.016226
58 509 282853.100541
59 683 262894.036685
60 559 381190.334556
61 463 240138.111152
62 667 262600.737038
63 572 318970.557901
64 335 300715.25193
65 453 231073.575064
66 646 453693.252502
67 674 345807.84175
68 556 250022.028058
69 737 577347.434269
70 542 240540.781142
71 523 459561.659371
72 535 369301.355312
73 565 399202.47851
74 480 210663.082617
75 568 246562.902754
76 430 180619.896758
77 522 386927.763225
78 516 330855.192108
79 547 347920.67307
80 447 243028.389102
81 620 393312.11297
82 631 279626.437099
83 713 433761.11457
84 527 203875.970486
85 462 230470.13235
86 547 298252.404412
87 576 242760.746814
88 651 410961.79156
89 608 227538.026385
90 723 424479.134213
91 351 114560.137807
92 523 218083.07126
93 469 300444.302375
94 723 672432.643413
95 367 161017.721447
96 551 272863.124048
97 518 165493.404135
98 539 404978.313471
99 422 201753.977116
100 337 85541.8659039
101 504 268639.19553
102 401 137900.573184
103 439 177843.552439
104 404 148819.751748
105 540 228545.758392
106 289 74821.9252797
107 494 282329.030843
108 477 263068.001028
109 414 157405.033368
110 441 157153.467779
111 532 266133.115593
112 552 321579.037186
113 757 320030.70124
114 563 247297.023375
115 337 168803.367446
116 446 240585.578915
117 521 248645.95263
118 417 147756.831754
119 417 125663.094392
120 461 150174.53648
121 558 232407.417883
122 325 136937.980596
123 372 117883.332687
124 425 116026.844423
125 510 297160.028147
126 515 205002.500938
127 363 80919.4166979
128 336 101061.380557
129 450 95861.0460186
130 410 165647.601534
131 478 210814.453384
132 403 187869.015113
133 593 379135.96717
134 500 303984.665572
135 510 247798.588852
136 438 197151.419628
137 437 144583.180654
138 375 134423.739355
139 347 123543.557979
140 374 134283.351933
141 489 306698.811731
142 382 110059.393724
143 405 204593.479791
144 425 247643.849326
145 318 164211.994978
146 405 151980.433166
147 479 131887.647772
148 470 84661.1549257
149 438 174229.405164
150 429 186909.580172
151 329 84807.2526724
152 522 179492.241756
153 619 209327.041392
154 454 171808.50138
155 353 123586.850046
156 342 162735.995002
157 328 122860.699833
158 454 158062.889994
159 417 160363.196333
160 415 145638.339878
161 564 274592.944663
162 384 181311.864822
163 498 203028.162161
164 411 110043.305405
165 378 111817.576847
166 494 239263.352562
167 352 94384.8117521
168 569 277180.160392
169 383 159593.83868
170 286 112438.827956
171 389 141483.294265
172 310 92189.3431422
173 448 181317.744771
174 378 147565.591492
175 496 236318.519716
176 400 161888.717324
177 312 66733.2572441
178 365 158985.275241
179 325 121130.275841
180 373 142613.042528
181 399 101676.234751
182 442 214414.507825
183 387 146935.350261
184 295 102337.911675
185 360 158216.830389
186 209 55938.3276796
187 417 236525.144256
188 394 206760.671475
189 407 175619.822383
190 399 190241.727413
191 505 139788.95758
192 233 53407.8319193
193 389 165594.394397
194 362 145751.713147
195 300 95682.8904382
196 272 69875.3963479
197 415 148724.213212
198 422 125224.373774
199 349 113182.379126
200 304 126053.879304
201 400 202779.595977
202 308 158204.019866
203 420 347517.467329
204 340 144540.515578
205 365 103592.417186
206 370 103634.84724
207 380 95252.8282413
208 298 41603.7942747
209 452 207524.626476
210 380 219725.487549
211 464 166933.882918
212 312 169449.862764
213 415 150216.895425
214 457 153563.663181
215 381 149656.122106
216 319 66388.5707369
217 336 104366.285691
218 459 123725.909523
219 325 110136.763651
220 487 240737.658788
221 388 154941.72196
222 380 121326.224065
223 275 115890.474136
224 347 141883.249138
225 360 96559.4416379
226 314 77467.9480546
227 311 73047.9982685
228 385 164569.899942
229 281 71749.3966647
230 328 73067.5798888
231 374 129360.985996
232 295 81096.2661999
233 286 76537.37554
234 260 41649.012518
235 361 98532.8337506
236 273 58637.5944584
237 398 185437.719815
238 410 164349.790661
239 514 190288.826355
240 324 128482.460879
241 448 192547.282029
242 345 95888.5427343
243 326 121220.284758
244 374 113543.209492
245 344 92414.6736497
246 394 144157.622455
247 446 119008.987415
248 315 189302.766247
249 405 122942.025542
250 359 108853.300851
251 296 53294.8100284
252 403 161824.693668
253 389 218919.556456
254 375 150481.085215
255 473 162458.936174
256 249 98226.6978725
257 369 112073.456596
258 326 109532.481887
259 380 175965.18273
260 261 53562.0394243
261 352 111114.701314
262 373 108691.023377
263 383 159898.934113
264 398 104993.231137
265 447 146587.574371
266 309 68881.5191457
267 286 90679.5839715
268 280 95587.3861324
269 218 56654.7795377
270 162 31059.2926513
271 328 129255.976422
272 406 153596.332547
273 239 46026.2777516
274 330 121804.875925
275 284 59271.9291975
276 372 101436.564307
277 296 59390.3188102
278 327 82555.8772937
279 361 86181.6959098
280 364 142381.55653
281 300 125073.485218
282 300 47173.0828406
283 330 66447.7027614
284 350 165961.023425
285 278 71439.0341142
286 294 81538.1678038
287 352 159045.17226
288 348 65307.0390753
289 324 65773.6346358
290 355 86531.0878212
291 351 67220.1362607
292 273 64673.304542
293 399 111829.910151
294 276 77011.6636717
295 372 212386.555456
296 334 122779.551849
297 361 103838.118395
298 391 111375.903946
299 312 61104.3967982
300 344 124368.513227
301 299 74256.5504409
302 406 161911.251681
303 280 78598.975056
304 248 42624.1325019
305 315 100291.804417
306 320 88240.5601472
307 213 29362.0520049
308 341 101949.335067
309 301 88753.9445022
310 308 92479.9648167
311 343 80644.4988272
312 253 47805.9832942
313 369 84097.3661098
314 409 140365.245537
315 299 51945.1415179
316 278 65294.8380506
317 260 85533.927935
318 337 73184.5975978
319 282 77594.5532533
320 290 45369.8517751
321 381 106733.728393
322 391 130563.357613
323 399 116081.11192
324 307 59898.0703973
325 331 93798.2690132
326 345 128419.4423
327 276 80185.7147433
328 267 51715.3238248
329 255 46948.0107942
330 347 72162.4003598
331 297 52172.480012
332 391 155225.016
333 248 48995.0005333
334 297 65985.5666844
335 344 95895.3855561
336 386 140577.346185
337 232 63490.6448728
338 212 58248.6548291
339 393 82461.9884943
340 279 81488.2996165
341 234 61870.1766539
342 353 104294.472555
343 416 169044.082419
344 283 58198.969414
345 335 87455.2656471
346 311 81647.8755216
347 300 79132.0291841
348 306 70622.6676395
349 243 49970.1222546
350 208 38320.8707418
351 432 108253.595691
352 343 84260.8198564
353 249 63124.5273285
354 288 73246.150911
355 225 61740.3050304
356 301 61480.4768343
357 342 71009.8825611
358 367 121262.896085
359 163 25440.5298695
360 307 55276.9176623
361 285 59640.6305887
362 331 120235.62102
363 307 74583.8873673
364 249 104023.962912
365 406 129858.498764
366 356 73379.1832921
367 320 50769.8394431
368 377 113672.561315
369 238 54600.2853772
370 368 64741.3761792
371 317 101917.512539
372 274 52684.4170846
373 313 58527.6472362
374 281 107101.354908
375 326 61878.4784969
376 368 124088.41595
377 308 84245.2471983
378 297 60983.5082399
379 289 58719.483608
380 285 72668.4161203
381 293 54753.0805373
382 367 97924.1026846
383 334 76387.6700895
384 223 42676.4223363
385 234 37425.7140779
386 293 56382.9238026
387 293 64256.6974601
388 275 56698.2899153
389 228 70428.5763305
390 283 107621.352544
391 323 59277.7117515
392 245 58843.9570584
393 261 73990.0985686
394 266 46632.2032856
395 302 71865.4401095
396 296 45161.0146703
397 332 81062.400489
398 258 53375.346683
399 324 48701.6782228
400 362 102089.589274
401 316 82080.8529758
402 229 41737.6950992
403 349 88834.7565033
404 321 101939.625217
405 305 50148.1208406
406 346 71135.804028
407 245 48149.1601343
408 268 76416.1053378
409 305 86958.6368446
410 392 121847.554561
411 261 61899.5184854
412 395 135344.88395
413 303 76146.7961317
414 290 61007.2265377
415 305 54650.2408846
416 284 58280.1413628
417 241 54169.9047121
418 285 78182.9968237
419 316 67058.4998941
420 276 59119.4166631
421 301 102518.747222
422 181 57982.5582407
423 260 70234.5852747
424 394 108537.952842
425 340 103454.731761
426 373 62998.4577254
427 301 46816.1485908
428 287 56034.5716197
429 345 85213.1523873
430 309 61144.7384129
431 233 56504.0579471
432 273 43441.5019316
433 300 83658.3167311
434 297 71348.1772244
435 252 43890.5392408
436 365 98685.6846414
437 257 71043.6561547
438 291 71436.9552052
439 280 74750.7651735
440 235 71019.9921725
441 272 52615.9997391
442 232 62430.2333246
443 269 51405.6744442
444 264 41317.8558148
445 386 77968.9285272
446 282 95566.7309509
447 304 45176.9910317
448 245 48669.2330344
449 278 35437.0744345
450 334 93854.3024811
451 292 54210.643416
452 272 39674.1214472
453 222 66764.5373816
454 194 25303.0179127
455 271 62199.2672638
456 310 91341.1089088
457 272 53757.370297
458 291 70604.3123432
459 323 67261.0104114
460 275 55631.9670137
461 209 55413.9989005
462 239 60502.6999633
463 247 35707.1899988
464 290 53940.3063333
465 276 84296.0102111
466 260 51824.667007
467 350 79464.4222336
468 213 28723.5474078
469 235 63542.6515803
470 277 65007.488386
471 298 57439.1829462
472 285 57567.4394315
473 306 79336.9813144
474 278 53687.4327105
475 180 21502.5144237
476 229 64742.3838141
477 204 27860.5127938
478 302 56016.9837598
479 227 46393.6661253
480 249 48271.3555375
481 252 40475.9785179
482 313 57145.4992839
483 281 43716.0166428
484 334 105467.200555
485 307 73952.8400185
486 247 66556.4946673
487 303 50612.8498222
488 294 54639.7283274
489 250 64300.8242776
490 293 81493.5608093
491 278 61670.352027
492 300 82555.7117342
493 245 51977.1903911
494 287 63546.5063464
495 273 59940.4502115
496 269 76623.4150071
497 272 95708.8805002
498 277 54695.8626833
499 259 74065.8287561
500 215 58055.8609585
501 251 34989.762032
502 402 116384.692068
503 258 81597.0230689
504 226 37709.0674356
505 208 30654.0022479
506 228 33909.8334083
507 261 52540.8944469
508 253 55950.6964816
509 260 42813.1565494
510 336 58674.171885
511 204 47575.8390628
512 211 51962.6613021
513 295 72683.1553767
514 251 29704.3385126
515 207 33701.8779504
516 268 46503.2625983
517 204 34233.3420866
518 355 93847.7114029
519 268 41201.4570468
520 253 40281.9152349
521 279 54855.6971745
522 206 65027.4565725
523 303 82403.7818857
524 248 32303.1593962
525 311 43383.9386465
526 197 31309.0646216
527 209 40413.8354874
528 239 53895.2611829
529 285 65810.9420394
530 278 60318.6314013
531 240 74536.5210467
532 247 59958.6507016
533 309 99633.3550234
534 268 40986.4118341
535 308 70760.4803945
536 259 60809.0493465
537 316 75423.2016449
538 286 54045.7400548
539 316 67993.7246685
540 327 67545.9241556
541 244 48015.6641385
542 284 47294.122138
543 304 49901.2040713
544 295 71557.3068024
545 253 42588.6102267
546 383 63774.3870076
547 196 40689.0795669
548 151 25729.4693189
549 207 34754.8823106
550 208 44808.4294104
551 263 74198.047647
552 253 41599.7015882
553 276 65963.5233863
554 265 53128.6174462
555 256 37542.5872482
556 201 37550.8195749
557 179 37633.0939858
558 232 33465.2031329
559 297 58051.7401044
560 301 58968.4246701
561 265 71910.2141557
562 176 28501.6738052
563 277 49253.6557935
564 181 29164.5551931
565 201 31108.3518398
566 224 51974.011728
567 219 34035.8337243
568 300 39298.0944575
569 302 64420.8364819
570 236 56143.0945494
571 313 64967.4031516
572 357 70329.7134384
573 309 49746.0237813
574 270 53710.234126
575 270 66225.2078042
576 259 39843.5069268
577 207 30137.9835642
578 221 27719.3661188
579 304 48087.512204
580 282 37325.5504068
581 228 38004.4516802
582 231 64694.115056
583 265 43841.5038352
584 275 47848.2167945
585 242 49206.1072265
586 293 74015.1369075
587 196 30622.6712303
588 231 29165.4557077
589 255 45604.5818569
590 236 25443.7527286
591 267 38762.2584243
592 305 43834.2086141
593 294 55116.2402871
594 254 65550.3080096
595 191 45213.410267
596 300 49402.2803422
597 315 70103.1093447
598 258 53192.7036448
599 235 23400.0234548
600 248 35363.0007818
601 220 40687.9333594
602 255 54893.7977786
603 278 93796.0932593
604 202 35340.336442
605 241 33448.0778814
606 299 54605.002596
607 289 50229.7000865
608 238 49940.3900029
609 288 29826.3130001
610 251 29261.7104333
611 252 37845.9903478
612 217 28380.7663449
613 232 51433.5255448
614 274 71259.7175182
615 236 47759.9239173
616 233 33874.1307972
617 212 28044.8376932
618 284 55119.6945898
619 286 46700.3564863
620 201 27938.8452162
621 240 56345.8948405
622 249 29331.929828
623 198 31070.3976609
624 288 80630.279922
625 271 71677.6759974
626 269 33474.9558666
627 192 25646.0318622
628 204 47276.1010621
629 350 68421.4033687
630 284 49810.6801123
631 254 33297.2893371
632 239 39714.5096446
633 272 53529.1503215
634 188 33101.7050107
635 198 28142.590167
636 247 44916.4530056
637 261 42279.3484335
638 208 27621.0449478
639 269 75970.3348316
640 200 23871.3778277
641 168 16611.9459276
642 309 57994.7981976
643 242 39285.1599399
644 327 65187.1386647
645 268 101280.904622
646 212 33267.5301541
647 237 38687.7510051
648 360 64483.3583668
649 209 18084.5119456
650 246 31363.8837315
651 271 61213.7627911
652 239 42052.192093
653 261 70056.1397364
654 222 49600.9713245
655 209 35858.2323775
656 203 36233.0077459
657 294 84969.0002582
658 300 53639.5666753
659 268 58987.1522225
660 250 33105.7717408
661 198 24402.859058
662 236 38317.3953019
663 306 61142.4798434
664 204 37811.3826614
665 235 43815.7127554
666 300 38113.2904252
667 206 28548.9096808
668 214 47329.2303227
669 321 63422.4743441
670 176 16869.3491448
671 247 35622.0783048
672 337 61770.9359435
673 241 56922.5645314
674 188 29959.7188177
675 218 35969.0572939
676 263 51972.2352431
677 266 50285.4411748
678 242 42935.6480392
679 187 24777.388268
680 242 35595.2129423
681 238 40300.9737647
682 207 31480.6991255
683 185 32932.4899708
684 255 37327.1496657
685 287 37904.0383222
686 246 47684.0346107
687 254 29875.2678204
688 230 62194.8422607
689 231 39892.5280754
690 238 21411.6176025
691 158 17557.8872534
692 204 39162.8629084
693 291 67960.3287636
694 163 20216.1109588
695 211 34372.2036986
696 231 80945.0401233
697 291 42843.2680041
698 255 43316.6089335
699 207 38313.0536311
700 259 46322.735121
701 272 39651.0911707
702 210 37320.203039
703 210 48392.9734346
704 220 28772.2657812
705 235 33958.175526
706 252 47451.5391842
707 240 42028.5179728
708 195 31400.4505991
709 238 42925.4483533
710 260 47585.8482784
711 168 22458.9949426
712 170 18019.2998314
713 223 42519.5099944
714 227 46296.6836665
715 227 30346.9561222
716 305 89245.4652041
717 251 55447.9155068
718 275 35545.3305169
719 177 26425.0776839
720 208 19738.1359228
721 284 51470.8711974
722 203 29186.1957066
723 267 62118.3398569
724 194 22701.9113286
725 271 60519.3303776
726 234 48680.0776793
727 274 36708.6025893
728 239 42573.286753
729 224 36586.5762251
730 234 35544.2192075
731 260 76091.9406403
732 218 47738.8313547
733 251 38501.6277118
734 215 30500.6542571
735 214 41836.0551419
736 238 23729.0685047
737 307 50333.6356168
738 202 30641.4545206
739 196 23787.8151507
740 317 32544.3271717
741 260 36572.1775724
742 239 73536.6725857
743 227 30133.6557529
744 201 31960.9885251
745 209 30463.5662842
746 294 46296.9855428
747 303 47185.4328514
748 202 23460.7477617
749 224 21274.9915921
750 239 34383.9330531
751 215 27376.9311018
752 246 39192.7643701
753 254 49942.2588123
754 272 100739.14196
755 216 46970.7713987
756 248 48838.9590466
757 234 19329.5319682
758 171 15202.5510656
759 202 24172.0850355
760 212 35333.1695012
761 254 38473.80565
762 279 68109.2601883
763 224 41077.7753396
764 255 46134.959178
765 295 58623.5653059
766 229 38377.4188435
767 255 39009.3806281
768 184 23925.6126876
769 203 21431.5204229
770 250 43433.3173474
771 247 39726.6439116
772 278 47139.4881304
773 186 28412.0829377
774 212 16104.3360979
775 168 30791.4112033
776 133 13175.3137068
777 280 58189.1104569
778 362 91137.1703486
779 195 19004.972345
780 190 22688.7324115
781 259 34819.957747
782 277 54487.1319249
783 302 32774.3710642
784 300 54559.9123688
785 174 26517.9304123
786 194 33113.0643471
787 201 20342.4021449
788 272 51921.5467382
789 207 25983.8515579
790 220 34695.9617186
791 223 30102.698724
792 262 46724.2566241
793 164 30469.4085541
794 265 49831.5802851
795 226 46008.8193428
796 215 37204.7939781
797 285 32822.1931326
798 159 16569.5397711
799 253 42827.9513257
800 300 68254.9983775
801 227 37480.0332793
802 222 32495.0344426
803 210 30468.8678148
804 211 27595.7622605
805 184 25358.258742
806 242 22089.8419581
807 210 28809.0947319
808 274 34362.0031577
809 225 39602.2334386
810 269 39209.574448
811 230 34347.8858149
812 242 39082.3628605
813 209 28966.4120953
814 230 30767.3470698
815 168 15237.3449023
816 195 25514.3781634
817 203 22759.4459388
818 156 17431.2815313
819 208 29518.9427177
820 247 46247.9647573
821 184 26099.1321586
822 194 22976.7377386
823 183 32970.0245913
824 227 31349.034153
825 178 19020.8011384
826 228 39534.7933713
827 241 41069.6264457
828 251 34385.2542149
829 207 25306.3084738
830 215 40033.3436158
831 236 30174.7781205
832 213 28704.592604
833 220 32344.7864201
834 223 29438.0928807
835 199 25016.803096
836 194 29368.0601032
837 175 16056.8020034
838 270 52022.7267334
839 196 36760.4908911
840 235 33590.0830297
841 199 20405.9027677
842 224 42445.3300923
843 248 42400.7443364
844 203 30776.9581445
845 256 41227.4986048
846 175 27385.2499535
847 260 47200.1749984
848 286 41936.6391666
849 190 24648.0546389
850 213 26521.2018213
851 242 41714.7067274
852 246 48683.3235576
853 231 34541.3441186
854 248 37796.444804
855 231 34005.2481601
856 222 44225.508272
857 209 32664.4836091
858 217 40585.7161203
859 196 31455.7238707
860 232 29481.1574624
861 210 33567.1052487
862 166 19135.070175
863 193 33579.2356725
864 200 14754.3078557
865 198 37244.9435952
866 243 49070.3981198
867 228 31582.4799373
868 272 46263.2493312
869 168 22866.008311
870 301 45808.7336104
871 221 34391.857787
872 213 30950.6285929
873 178 26238.1209531
874 229 31509.9373651
875 264 44539.7645788
876 207 33394.9588193
877 176 28087.8986273
878 240 30926.4299542
879 215 22466.3809985
880 205 25710.0126999
881 212 19873.0337567
882 198 37884.2011252
883 217 27491.1067042
884 187 49809.2702235
885 265 48225.0756741
886 192 38623.2358558
887 208 28477.5745285
888 235 39194.419151
889 234 27889.2806384
890 226 33743.4760213
891 191 20800.8158674
892 241 30960.2938622
893 211 39719.3097954
894 264 29037.9436598
895 196 21394.598122
896 177 17981.9199374
897 233 36221.7639979
898 244 54186.1254666
899 198 31175.7375156
900 168 22309.6912505
901 205 31238.756375
902 221 22792.1252125
903 183 25692.0708404
904 185 33834.6356947
905 239 44789.2545232
906 167 16823.0751508
907 274 41241.802505
908 231 28921.1934168
909 282 57506.7064472
910 225 53209.7235482
911 215 38444.1907849
912 210 28469.7730262
913 228 39940.9591009
914 205 26542.6653034
915 217 16026.3555101
916 189 21356.9451837
917 205 25179.0648395
918 265 34146.2021613
919 213 32375.0067387
920 222 36612.233558
921 218 29800.3411186
922 222 31830.7780373
923 208 40692.3259346
924 247 34188.9441978
925 165 22320.8981399
926 179 19811.429938
927 254 31400.3809979
928 232 34388.5793666
929 241 34548.0193122
930 256 40655.0673104
931 225 28669.1022437
932 230 30270.3700748
933 233 29350.9123358
934 182 21300.8304112
935 175 15330.9610137
936 200 34828.7320338
937 144 19222.4577345
938 230 28300.3819245
939 273 39085.5460641
940 214 42546.4182021
941 172 20448.1806067
942 166 21908.6726869
943 256 31346.0890896
944 198 25550.3029697
945 278 37503.5767657
946 252 48034.3858922
947 219 29282.9128631
948 226 37554.9304288
949 222 37897.797681
950 191 21019.2265894
951 274 53992.8408863
952 237 41723.7613629
953 229 43901.9253788
954 226 36964.0975126
955 216 31212.5699171
956 185 19496.9523306
957 252 43294.098411
958 197 32200.0032804
959 226 37371.9001093
960 207 25567.8300036
961 256 61550.9610001
962 185 31780.9320333
963 155 12592.9310678
964 189 19222.2977023
965 259 69689.7432567
966 245 51053.1247752
967 222 27976.4374925
968 254 46852.0812498
969 157 14226.3027083
970 228 36292.9434236
971 259 29198.5314475
972 196 18497.7177149
973 191 29357.9905905
974 232 54277.366353
975 221 35060.8788784
976 193 20344.8626293
977 165 19028.5620876
978 285 36259.2187363
979 238 32003.1739579
980 266 54778.1391319
981 163 23147.0379711
982 205 23656.934599
983 232 25503.99782
984 216 36838.266594
985 211 32907.3422198
986 215 32757.1447407
987 214 19116.8714914
988 185 19199.662383
989 197 33143.4220794
990 111 7289.41406931
991 173 18847.2138023
992 156 16687.4404601
993 267 45837.8813487
994 214 19695.296045
995 221 19776.5098682
996 207 25437.9503289
997 225 40658.7316776
998 262 49847.6243893
999 230 43329.820813
1000 184 25627.0940271
1001 197 32754.6698009
1002 234 35434.65566
1003 185 32128.8218553
1004 253 30564.3940618
1005 171 21842.4131354
1006 165 14889.5137712
1007 221 28168.5837924
1008 208 21505.4861264
1009 201 26798.8162042
1010 296 58266.2605401
1011 238 37498.242018
1012 262 31376.2414006
1013 222 33019.0080467
1014 195 23017.8336016
1015 213 25100.6944534
1016 243 43181.5898151
1017 232 39105.4529938
1018 273 36059.2484331
1019 245 25319.9416144
1020 200 19123.8980538
1021 243 45917.6632685
1022 213 31780.1221089
1023 289 72489.570737
1024 193 19530.0190246
1025 214 34942.4673008
1026 181 25606.7822434
1027 206 23388.5927414
1028 182 20473.8864247
1029 237 32080.7295475
1030 254 36584.7243182
1031 184 32987.7241439
1032 197 38177.4574715
1033 253 28796.2485824
1034 214 30823.9749527
1035 228 29744.9658318
1036 234 27868.6988611
1037 206 25667.3566287
1038 182 29765.0118876
1039 176 16597.7337296
1040 198 18532.7911243
1041 171 8505.35970414
1042 267 39947.9119901
1043 230 36735.1970663
1044 241 37105.1399022
1045 226 45089.8046634
1046 216 27376.6601554
1047 264 45994.1220052
1048 157 20291.3374002
1049 223 26168.0112467
1050 206 19003.6003749
1051 208 27248.6866792
1052 207 22569.7562226
1053 183 25286.3585408
1054 219 29950.5452847
1055 203 31072.1515095
1056 175 17284.5383836
1057 243 28510.2846128
1058 232 31263.4094871
1059 189 24617.4136496
1060 209 24887.9471217
1061 205 30476.3649041
1062 181 26341.1454968
1063 201 12936.0715166
1064 230 32237.7023839
1065 208 28264.3900795
1066 197 25312.346336
1067 171 23426.9115445
1068 173 12650.7637182
1069 191 24690.0921239
1070 223 32811.3364041
1071 230 24661.4445468
1072 208 24053.2148182
1073 210 37640.2404939
1074 218 42587.9080165
1075 163 11789.2969339
1076 244 42245.6098978
1077 243 34192.5869966
1078 172 34832.6528999
1079 226 31068.6550967
1080 184 25764.2551699
1081 210 33593.3751723
1082 204 21055.9125057
1083 215 31032.5304169
1084 199 19210.1510139
1085 239 25883.0050338
1086 210 33111.5335011
1087 248 26303.5511167
1088 205 23561.6850372
1089 178 23672.6895012
1090 233 34254.88965
1091 222 30948.1963217
1092 219 33965.7398774
1093 193 23959.0913292
1094 176 25751.5363776
1095 248 21862.5845459
1096 176 20677.8194849
1097 198 23508.8606495
1098 238 33893.4286883
1099 194 31924.3142896
1100 224 33359.977143
1101 244 25894.6992381
1102 241 48217.9899746
1103 201 19890.3996658
1104 222 32336.5133222
1105 258 40346.3837774
1106 214 35898.2127926
1107 169 18937.7070931
1108 224 32993.6235698
1109 154 20488.1874523
1110 180 13627.3395817
1111 165 18750.2779861
1112 208 25038.6092662
1113 192 31678.4869755
1114 184 34611.9828992
1115 164 22510.6660966
1116 219 20284.4555366
1117 205 30690.3151846
1118 204 31135.4105062
1119 178 15236.5470169
1120 198 29807.9182339
1121 132 10813.8306078
1122 181 32311.7943536
1123 148 19078.7598118
1124 247 25729.6586604
1125 233 34120.088622
1126 238 34166.6696207
1127 185 24005.7889874
1128 232 44087.1596329
1129 204 28794.6719878
1130 183 15852.7557329
1131 153 17579.2251911
1132 194 25369.5075064
1133 211 34886.8835835
1134 197 26587.8294528
1135 214 26278.0276484
1136 192 29847.0342549
1137 200 31716.3678085
1138 234 43152.1789269
1139 203 27965.4059642
1140 186 20254.8468655
1141 194 24839.2615622
1142 153 20721.8420521
1143 201 29793.0280684
1144 261 27243.4342689
1145 215 29697.3144756
1146 217 36438.2771492
1147 208 24964.275905
1148 217 30962.3425302
1149 200 31933.044751
1150 187 23684.0014917
1151 234 29475.7667164
1152 179 19770.7588905
1153 177 14411.8252964
1154 206 17448.8941765
1155 156 14321.6964726
1156 174 26806.4232158
1157 161 15828.1141072
1158 217 29409.0038036
1159 189 30017.8001268
1160 214 37602.0266709
1161 237 30976.5342224
1162 253 32646.8844741
1163 203 26521.9628158
1164 182 20229.3987605
1165 174 17057.513292
1166 179 17387.0504431
1167 194 20861.5350148
1168 223 21073.5511672
1169 189 19502.4183722
1170 190 18233.5472791
1171 203 29071.5849093
1172 262 42868.719497
1173 194 18393.2239832
1174 198 24704.8074661
1175 236 33882.1602489
1176 203 35601.0053416
1177 194 18729.5335114
1178 185 25730.651117
1179 136 11779.4550372
1180 205 23037.5818346
1181 158 13287.9193945
1182 171 14599.6306465
1183 198 31718.7876882
1184 195 20047.3929229
1185 181 26986.0130974
1186 192 24689.2004366
1187 171 19648.2066812
1188 224 27211.873556
1189 204 24268.7957852
1190 182 22174.8598595
1191 207 26589.0953287
1192 239 32605.4031776
1193 238 29519.5134393
1194 181 15731.7837813
1195 206 17886.5594594
1196 238 28731.3853153
1197 226 30055.1461772
1198 203 33668.5382059
1199 164 15850.6846069
1200 197 29281.7228202
1201 205 22319.5907607
1202 179 15691.8863587
1203 232 54117.496212
1204 189 23128.5498737
1205 157 31721.5183291
1206 206 19749.7839443
1207 229 21143.9927981
1208 209 24783.9997599
1209 198 32213.7666587
1210 184 17150.7255553
1211 181 18239.9241852
1212 179 15138.4974728
1213 189 22812.5499158
1214 252 42032.3516639
1215 181 26967.5450555
1216 159 8960.55150185
1217 224 34049.0183834
1218 215 29929.0006128
1219 205 28163.2333538
1220 220 23639.2411118
1221 168 14709.1080371
1222 264 43304.5702679
1223 197 32325.4190089
1224 269 29014.013967
1225 182 20994.5004656
1226 134 9581.91668219
1227 251 23490.2638894
1228 190 21659.0087963
1229 200 28104.0336265
1230 152 13710.4677876
1231 218 27531.6822596
1232 158 28924.2560753
1233 191 20732.9085358
1234 240 29126.3969512
1235 157 19336.8798984
1236 206 35648.1626633
1237 192 15196.1720888
1238 168 21145.6390696
1239 244 29650.2546357
1240 165 17588.0084879
1241 235 39317.2336163
1242 196 23672.5411205
1243 208 15503.9180374
1244 193 19040.8639346
1245 157 11632.3621312
1246 223 20938.412071
1247 207 31876.8137357
1248 203 21425.3604579
1249 210 25085.2786819
1250 174 16192.6759561
1251 167 17091.2225319
1252 185 25573.3740844
1253 191 16657.0791361
1254 217 33854.2026379
1255 192 31172.8400879
1256 216 24751.0280029
1257 234 36115.0009334
1258 217 40349.6666978
1259 194 33799.0888899
1260 138 22990.3362963
1261 185 16040.3778765
1262 212 29941.3459292
1263 253 34941.811531
1264 182 29930.327051
1265 240 27787.7109017
1266 223 32836.5236967
1267 191 19030.9174566
1268 168 17113.4305819
1269 188 16164.6143527
1270 156 12776.3871451
1271 197 22736.0462382
1272 188 28902.7015413
1273 216 28874.3233847
1274 128 13926.6774462
1275 172 26355.4559149
1276 182 20250.8818638
1277 180 28580.6627288
1278 199 25914.9554243
1279 238 40970.5318475
1280 166 21028.1843949
1281 162 21012.5061465
1282 172 22683.1168715
1283 222 29767.6372291
1284 161 16226.921241
1285 172 10840.8973747
1286 190 20791.5632458
1287 171 32499.7521082
1288 160 17982.1250703
1289 171 16063.8708357
1290 150 12684.7623612
1291 204 27260.6920787
1292 165 25073.689736
1293 170 20425.5563245
1294 205 23099.0852108
1295 203 28287.7028404
1296 161 20616.023428
1297 157 29826.0341143
1298 184 26477.4678038
1299 212 25471.3822601
1300 157 24145.8460753
1301 205 30402.5948692
1302 194 26750.619829
1303 145 9686.02066097
1304 157 15844.434022
1305 149 7498.18113407
1306 172 17186.7393711
1307 192 16290.657979
1308 210 17612.255266
1309 170 19728.5418422
1310 185 21614.6847281
1311 187 13769.2228243
1312 172 18390.6407608
1313 194 25885.8880254
1314 163 13057.0962675
1315 245 33521.0698756
1316 184 27617.2023292
1317 185 21782.9400776
1318 213 28022.7313359
1319 223 27181.2243779
1320 161 27145.4408126
1321 187 28730.1480271
1322 207 35462.2382676
1323 214 39093.7079423
1324 210 34769.0569314
1325 118 10151.035231
1326 181 23630.867841
1327 202 22659.7622614
1328 211 20044.3920754
1329 201 18631.7464025
1330 170 17728.1248801
1331 256 19402.2708293
1332 201 21815.2090276
1333 196 25767.7403009
1334 202 37849.0246767
1335 224 26709.6341559
1336 190 17230.2544719
1337 169 28470.8084824
1338 239 34953.9936161
1339 204 16989.8664539
1340 237 30226.3622151
1341 203 12483.5454072
1342 199 35284.0848469
1343 193 22185.3694949
1344 162 21878.9789832
1345 213 24063.8992994
1346 162 21372.2299766
1347 183 22321.0743326
1348 212 32672.6691444
1349 200 29883.0889715
1350 156 19394.0029657
1351 196 23717.8667655
1352 217 39476.9622255
1353 173 16137.9320742
1354 224 20975.7977358
1355 189 26052.9932579
1356 207 32252.7331086
1357 203 22772.824437
1358 177 17451.8941479
1359 142 15117.4298049
1360 171 18573.2143268
1361 220 17345.1404776
1362 200 17207.0713493
1363 163 16529.2357116
1364 167 18055.3745237
1365 168 17359.4791508
1366 209 19089.9159717
1367 269 33316.9305324
1368 149 16819.4310177
1369 216 24387.0143673
1370 203 34308.4004789
1371 153 15618.880016
1372 247 22999.5960005
1373 172 18707.4198667
1374 162 8894.48066222
1375 241 28752.9493554
1376 165 19854.6983118
1377 184 32496.8899437
1378 174 15240.5296648
1379 197 26365.3509888
1380 187 22845.845033
1381 203 22260.5615011
1382 203 28702.0853834
1383 207 30029.8028461
1384 154 14398.0600949
1385 150 12263.5353365
1386 232 20293.4178445
1387 203 26092.3805948
1388 184 35990.8460198
1389 198 21529.6948673
1390 150 13861.1231622
1391 171 22136.1041054
1392 186 16995.5701368
1393 193 21446.1856712
1394 200 18299.506189
1395 141 12361.816873
1396 150 10807.4605624
1397 229 38869.2486854
1398 215 24861.1749562
1399 195 27803.8058319
1400 192 19996.2268611
1401 215 19729.007562
1402 184 19205.0335854
1403 221 20993.0011195
1404 165 19020.7000373
1405 202 18979.2900012
1406 206 20141.4096667
1407 201 21165.8803222
1408 194 19218.8626774
1409 192 16341.6620892
1410 183 13612.0220696
1411 152 16898.534069
1412 219 28275.1178023
1413 170 22243.0372601
1414 162 22702.9679087
1415 174 26587.865597
1416 185 21887.3955199
1417 154 13624.3465173
1418 250 30729.0115506
1419 214 24456.400385
1420 188 22115.5800128
1421 210 25005.3526671
1422 155 11644.9450889
1423 201 16743.9981696
1424 183 17800.199939
1425 182 28804.0066646
1426 197 24302.1002222
1427 156 11209.0033407
1428 192 24120.5001114
1429 233 20830.1500037
1430 218 16345.8383335
1431 192 20496.4946111
1432 188 17180.8498204
1433 209 22976.2283273
1434 151 17192.9409442
1435 240 24764.8313648
1436 225 33469.8610455
1437 204 12830.0287015
1438 185 19931.2676234
1439 165 11862.3422541
1440 222 27533.4447418
1441 163 23598.0148247
1442 148 13390.2671608
1443 184 17718.2422387
1444 207 34075.3080746
1445 186 25884.9102692
1446 199 20274.897009
1447 176 20668.4299003
1448 205 23725.91433
1449 201 26652.5971443
1450 189 22642.9199048
1451 214 20977.0306635
1452 191 19978.5010221
1453 176 16935.8833674
1454 229 20807.6627789
1455 200 21672.455426
1456 163 12291.0485142
1457 183 23218.4349505
1458 154 19958.681165
1459 186 19471.6893722
1460 181 19512.3563124
1461 164 19981.9452104
1462 152 20195.7981737
1463 146 10846.3266058
1464 147 19974.1775535
1465 218 23781.4392518
1466 216 27731.6813084
1467 188 25566.1560436
1468 192 17279.3385348
1469 208 30104.8779512
1470 185 27820.6959317
1471 198 27249.7898644
1472 186 24193.6596621
1473 198 13650.9886554
1474 171 25204.8329552
1475 186 17932.8610985
1476 148 10862.5287033
1477 159 16433.9509568
1478 141 12787.3316986
1479 219 30443.7110566
1480 170 13356.6570352
1481 192 18115.5885678
1482 191 27562.6196189
1483 186 28116.7873206
1484 204 28125.6595774
1485 189 18597.5886526
1486 143 8976.55295509
1487 156 20888.7517652
1488 203 20943.6583922
1489 158 19193.7219464
1490 191 25161.2240649
1491 184 18911.5074688
1492 214 24827.4169156
1493 202 25586.6138972
1494 223 27954.1204632
1495 193 26954.2373488
1496 194 19675.0079116
1497 204 21375.6669304
1498 242 27132.3555643
1499 193 20221.3451855
1500 139 9184.54483952
1501 171 17463.5514947
1502 118 10039.3183832
1503 222 26985.4439461
1504 143 16433.8481315
1505 181 18467.6282711
1506 186 14864.687609
1507 190 20789.4229203
1508 247 22927.180764
1509 199 22259.9726921
1510 211 23796.6990897
1511 149 12528.4899697
1512 172 13624.482999
1513 180 23245.5161
1514 216 18979.5505367
1515 221 22350.9183512
1516 157 14315.1306117
1517 202 31437.0710204
1518 182 23184.9357007
1519 154 11908.7978567
1520 205 16640.2265952
1521 174 35037.4408865
1522 231 23014.0480296
1523 166 14346.101601
1524 154 11972.0700534
1525 145 9349.70233511
1526 221 27174.7567445
1527 202 16164.2585582
1528 171 9688.30861861
1529 172 18299.8102873
1530 162 12138.7270096
1531 163 14829.5909003
1532 198 15501.2863633
1533 184 18843.8428788
1534 188 22097.3947626
1535 175 16856.2464921
1536 178 20129.5082164
1537 181 17552.2502739
1538 183 14338.5750091
1539 251 35115.819167
1540 156 18407.5273056
1541 161 15293.8509102
1542 202 26172.961697
1543 209 27846.7653899
1544 168 14038.225513
1545 190 18771.5075171
1546 243 24313.9502506
1547 252 38514.2650084
1548 196 30515.8421669
1549 162 15772.6280722
1550 171 16149.6209357
1551 192 16618.2540312
1552 203 29248.341801
1553 181 17310.4447267
1554 158 14488.6148242
1555 208 16476.8538275
1556 200 22550.8284609
1557 206 37881.9609487
1558 185 22785.565365
1559 211 25591.9521788
1560 201 28531.298406
1561 128 10236.7099469
1562 172 25379.4236649
1563 211 19180.1807888
1564 223 34845.672693
1565 186 20324.1224231
1566 181 24222.4040808
1567 192 23906.680136
1568 183 14973.4893379
1569 152 14989.8163113
1570 163 17491.4605437
1571 155 17855.3820181
1572 179 18776.4794006
1573 204 20297.4493134
1574 218 28292.2149771
1575 184 19408.6738326
1576 178 19576.5891278
1577 178 14338.7196376
1578 222 34672.1239879
1579 190 14461.2374663
1580 159 10274.3079155
1581 132 17481.2102639
1582 179 23147.8403421
1583 203 23881.9613447
1584 183 18484.2987115
1585 183 13905.1766237
1586 156 22832.1725541
1587 186 16673.5057518
1588 257 41558.4168584
1589 171 19996.3805619
1590 184 15627.1460187
1591 191 16843.0048673
1592 196 21748.4334956
1593 127 6131.54778319
1594 147 15598.7515928
1595 191 16106.5917198
1596 197 16892.219724
1597 197 18218.1406575
1598 184 16937.0713552
1599 155 11121.0023785
1600 154 12307.0000793
1601 171 28906.9000026
1602 165 18212.3966668
1603 203 19699.4465556
1604 171 13880.7482185
1605 195 15526.7249406
1606 179 24800.057498
1607 177 20590.2019166
1608 190 22970.7067306
1609 157 12390.0235577
1610 157 15097.8674519
1611 186 25694.5289151
1612 193 31000.4509638
1613 185 25562.4483655
1614 166 12877.1816122
1615 145 13778.4393871
1616 138 8251.84797957
1617 173 10735.9615993
1618 174 17470.8653866
1619 184 21101.3621796
1620 209 24492.5787393
1621 179 23862.7526246
1622 170 18502.2917542
1623 207 32471.7097251
1624 204 23411.6569908
1625 174 15427.1885664
1626 149 23903.0729522
1627 184 22058.2357651
1628 173 17840.2078588
1629 174 16305.9735953
1630 200 19661.8657865
1631 194 28838.7288596
1632 194 18346.8576287
1633 198 16274.1952543
1634 193 27462.2065085
1635 180 32766.2068836
1636 169 16744.7402295
1637 167 17949.7246743
1638 183 20840.5241558
1639 194 20518.7174719
1640 183 18179.5572491
1641 142 13464.5519083
1642 204 17398.3183969
1643 147 16770.9106132
1644 165 16474.0303538
1645 178 21415.3010118
1646 218 20610.9433671
1647 206 20339.9981122
1648 233 27788.0999371
1649 225 31358.6699979
1650 184 25883.8556666
1651 203 27834.2618556
1652 189 15633.2753952
1653 227 25839.8758465
1654 184 18424.3625282
1655 151 18910.2454176
1656 239 28062.5415139
1657 181 17756.5847171
1658 153 8181.81949057
1659 147 18121.693983
1660 223 18284.4897994
1661 184 15899.8829933
1662 175 14300.4960998
1663 197 12399.5165367
1664 181 15243.6172179
1665 171 13640.6205739
1666 182 13996.0873525
1667 187 21085.7029117
1668 164 16415.2567637
1669 220 30750.0752255
1670 175 27208.4691742
1671 150 12423.9156391
1672 151 12426.897188
1673 132 8694.79657293
1674 159 18410.8598858
1675 230 30279.7619962
1676 147 9432.45873321
1677 193 20206.6486244
1678 162 16830.8882875
1679 217 15620.8629429
1680 141 11079.3287648
1681 151 14661.3109588
1682 175 21838.477032
1683 198 17311.8825677
1684 143 15663.1294189
1685 210 22846.204314
1686 183 20122.9401438
1687 184 24101.1313381
1688 126 10700.6377113
1689 248 21004.721257
1690 184 21567.6240419
1691 173 19852.0208014
1692 158 16340.7340267
1693 160 10740.2244676
1694 211 18825.6741489
1695 184 15681.555805
1696 158 11283.5851935
1697 131 8240.25283978
1698 235 31019.6417613
1699 173 34736.421392
1700 173 15336.2807131
1701 188 15100.8093571
1702 176 9774.69364524
1703 183 18730.9564548
1704 170 11021.5318818
1705 205 21863.2510627
1706 151 11547.1083688
1707 197 25125.370279
1708 175 16967.2790093
1709 214 21268.475967
1710 124 20102.3825322
1711 203 19380.8460844
1712 164 17848.7948695
1713 148 11155.459829
1714 154 20104.7819943
1715 172 20380.7593998
1716 175 15492.3586467
1717 154 19032.0452882
1718 187 17334.4681763
1719 174 29985.5822725
1720 149 15405.7860758
1721 198 22999.4595359
1722 175 23361.1153179
1723 176 17587.3371773
1724 158 20987.7779059
1725 203 24740.4259302
1726 170 14870.447531
1727 157 11199.548251
1728 210 23816.8849417
1729 214 18063.7961647
1730 173 17208.1932055
1731 197 25281.6397735
1732 184 23208.5879925
1733 175 7736.75293308
1734 182 24532.2917644
1735 188 22380.5097255
1736 187 18265.3169908
1737 180 9861.44389969
1738 148 15043.4147967
1739 204 14676.8471599
1740 171 8001.49490533
1741 154 14150.5498302
1742 177 20874.3849943
1743 146 12066.6461665
1744 199 17868.7215389
1745 209 32809.290718
1746 140 11391.2430239
1747 201 21892.5747675
1748 169 13260.5858256
1749 135 5848.61952752
1750 247 18470.9873176
1751 168 14396.8995773
1752 176 17925.9633192
1753 158 11953.365444
1754 207 17103.3788481
1755 196 23173.1459616
1756 196 16236.4715321
1757 220 15348.1823844
1758 181 20389.5060795
1759 147 13164.7168693
1760 182 23234.9238956
1761 180 17658.6641299
1762 150 7477.02213766
1763 195 31392.3340713
1764 171 12320.9111357
1765 178 19061.3970379
1766 187 26335.7465679
1767 203 21075.2248856
1768 162 11522.4408295
1769 192 16897.0480277
1770 171 20537.8349343
1771 176 21634.0611645
1772 196 22358.0020388
1773 157 12314.5334013
1774 197 20726.9844467
1775 144 10328.9328149
1776 169 15761.6977605
1777 217 21274.8899253
1778 175 13115.3629975
1779 186 14667.5120999
1780 205 22253.51707
1781 168 13326.7839023
1782 137 9234.15946341
1783 223 30297.6719821
1784 191 15634.5890661
1785 166 13095.4863022
1786 165 12084.9162101
1787 188 15369.6638737
1788 191 14765.6554625
1789 190 15134.6885154
1790 152 17570.9562838
1791 182 12702.3652095
1792 150 12300.5121736
1793 168 17657.3837391
1794 193 25123.6461246
1795 146 11815.5215375
1796 190 16726.8507179
1797 154 17176.5950239
1798 169 23151.1865008
1799 202 18067.83955
1800 142 12094.8946517
1801 143 9784.89648839
1802 192 21696.6298829
1803 180 17042.4209961
1804 195 22067.3140332
1805 225 20659.7771344
1806 165 17771.7592378
1807 151 7860.52530793
1808 207 17651.0175103
1809 192 17881.833917
1810 200 25273.2611306
1811 200 22120.575371
1812 176 16864.0525124
1813 186 21446.7017504
1814 150 12662.056725
1815 180 12729.0352242
1816 149 10027.7011741
1817 188 17348.0233725
1818 192 19264.6674457
1819 217 16414.3555815
1820 196 27341.2785194
1821 230 22677.009284
1822 168 15501.0669761
1823 165 12200.3355659
1824 190 16392.2111855
1825 160 14887.1737062
1826 212 32141.3724569
1827 168 22641.1457486
1828 153 15693.7048583
1829 137 8145.02349528
1830 199 30235.0007832
1831 185 18726.0333594
1832 176 9010.86777865
1833 137 9398.72892595
1834 160 12016.3242975
1835 172 16177.0774766
1836 191 26713.6359159
1837 187 21659.7878639
1838 176 17075.7262621
1839 158 12824.6908754
1840 145 9906.42302918
1841 190 12021.514101
1842 172 13766.05047
1843 175 21693.968349
1844 180 18866.8322783
1845 221 28298.9610759
1846 142 10662.0320359
1847 166 15036.7677345
1848 187 18350.1255912
1849 210 20096.770853
1850 202 15255.2923618
1851 189 14684.9430787
1852 195 16104.331436
1853 155 11767.0777145
1854 190 15911.5025905
1855 180 16115.516753
1856 173 14180.1172251
1857 200 15982.6372408
1858 160 12733.7212414
1859 185 13161.2240414
1860 178 15102.1408014
1861 165 14645.0380267
1862 149 8090.26793422
1863 171 18444.1422645
1864 187 25993.9380755
1865 163 20488.0312692
1866 189 16829.567709
1867 179 13705.652257
1868 163 12645.2217419
1869 167 16244.0073914
1870 189 25705.0335797
1871 162 16371.367786
1872 201 17198.3455929
1873 177 17488.0448531
1874 133 9359.46816177
1875 146 15700.2156054
1876 178 21598.0405202
1877 137 13919.9680173
1878 158 15470.0656006
1879 206 13569.83552
1880 190 19240.1945173
1881 136 10128.6064839
1882 171 16041.7535495
1883 203 11931.2251183
1884 201 22603.6408373
1885 145 17184.8213612
1886 210 22874.6273787
1887 185 21669.0209126
1888 143 16069.9673638
1889 196 18530.0322455
1890 199 28622.5677415
1891 180 14337.5522581
1892 173 22213.6850753
1893 167 19247.0228358
1894 193 18395.0674279
1895 163 18470.9355809
1896 182 26350.831186
1897 157 17601.3277062
1898 204 27342.0775902
1899 148 13677.769253
1900 172 18064.7589751
1901 135 11053.8919658
1902 118 9454.76306553
1903 193 16152.6254355
1904 172 14223.8875145
1905 121 8899.32958382
1906 179 18928.8109861
1907 197 27835.1936995
1908 167 15409.53979
1909 165 20771.4846597
1910 186 20977.4494887
1911 201 14690.8483163
1912 191 18906.1949439
1913 153 14195.8731648
1914 188 20136.1624388
1915 173 13986.1720813
1916 137 14208.605736
1917 199 21475.4201912
1918 168 12527.7140064
1919 144 10548.1904669
1920 182 15373.0063489
1921 145 12849.4668783
1922 189 17224.7822293
1923 198 23812.5260743
1924 154 12054.9842025
1925 202 25473.6661401
1926 157 14583.4888713
1927 194 18095.9162957
1928 180 12884.4305432
1929 176 16642.7143514
1930 181 13464.857145
1931 173 13599.6952382
1932 189 13534.9898413
1933 166 16729.5329947
1934 214 23076.8177665
1935 145 8468.59392555
1936 129 9221.68646418
1937 179 28216.6895488
1938 138 11263.8896516
1939 189 21289.4963217
1940 127 13581.4165441
1941 145 7085.38055147
1942 137 13173.4793517
1943 180 10472.3159784
1944 155 10483.9438659
1945 205 14454.3647955
1946 187 10021.0454932
1947 155 19964.2015164
1948 116 8509.74005055
1949 195 19022.5246684
1950 146 13732.1508223
1951 195 13238.1383607
1952 184 13403.3379454
1953 138 9160.74459818
1954 177 26460.2581533
1955 164 9259.57527178
1956 182 13809.3858424
1957 170 17119.2795281
1958 165 14335.4426509
1959 156 13055.0814217
1960 178 18421.4027141
1961 162 12158.3800905
1962 167 15622.246003
1963 147 10933.3082001
1964 167 17521.3436067
1965 171 20133.3447869
1966 146 10188.9114929
1967 149 14799.1637164
1968 208 27379.0721239
1969 140 16658.6357375
1970 145 12068.3545246
1971 162 16904.3118175
1972 171 17226.7770606
1973 183 19249.325902
1974 168 26265.8775301
1975 184 22612.829251
1976 164 13482.7943084
1977 156 10654.2931436
1978 215 24779.4097715
1979 135 12366.0469924
1980 141 11379.8348997
1981 187 26341.4944967
1982 185 16966.8164832
1983 166 14267.3272161
1984 194 13103.8109072
1985 165 14075.4270302
1986 172 11033.1475677
1987 185 17184.0382523
1988 160 14906.5012751
1989 202 20825.3500425
1990 189 13961.9783348
1991 169 13878.9659445
1992 162 12017.9321981
1993 193 16421.5644066
1994 152 16001.5521469
1995 177 18738.5850716
1996 219 19054.4195024
1997 135 22692.5806501
1998 174 10608.0526883
1999 183 15930.8017563
