0 493 343387.4
1 258 162624.04
2 623 814160.204
3 457 438187.6204
4 744 1064327.66204
5 67 120327.966204
6 220 220608.69662
7 468 319178.569662
8 493 531994.556966
9 656 788286.755697
10 1157 3358982.47557
11 163 377714.547557
12 301 412916.454756
13 314 448572.945476
14 480 481194.294548
15 84 53963.3294548
16 691 914983.232945
17 171 167192.723295
18 292 255816.472329
19 1124 2354212.94723
20 124 242767.594723
21 597 744716.959472
22 52 80070.6959472
23 195 64371.5695947
24 692 560807.756959
25 394 580660.375696
26 1129 3172807.13757
27 207 526943.213757
28 500 619126.321376
29 534 365076.732138
30 348 209800.873214
31 522 1098844.98732
32 891 1488825.79873
33 604 645789.779873
34 74 81044.4779873
35 512 848492.047799
36 913 1082916.10478
37 57 111324.410478
38 1086 1386449.64105
39 414 619478.064105
40 276 142827.00641
41 717 797336.300641
42 283 599694.330064
43 128 115325.633006
44 136 77517.5633006
45 416 392434.55633
46 386 402487.055633
47 387 383150.305563
48 312 196771.730556
49 776 3827479.97306
50 810 1913870.99731
51 301 482587.599731
52 893 1565380.45997
53 285 439695.745997
54 176 142482.3746
55 401 220551.43746
56 361 288999.043746
57 272 468622.804375
58 310 390392.780437
59 756 1715576.37804
60 458 699252.937804
61 317 225836.19378
62 827 963932.919378
63 607 1093041.19194
64 333 336406.919194
65 367 219998.391919
66 673 1042816.03919
67 931 1965652.00392
68 165 252343.600392
69 43 26413.4600392
70 139 90265.6460039
71 990 1157447.2646
72 177 227216.72646
73 466 794804.172646
74 238 317742.917265
75 692 1039079.69173
76 132 140991.669173
77 526 698807.666917
78 1084 3404056.86669
79 291 428086.986669
80 84 60244.7986669
81 577 240189.479867
82 459 988544.847987
83 865 2020067.2848
84 471 735026.32848
85 480 602707.932848
86 412 383170.593285
87 806 1175102.45933
88 299 225473.945933
89 1056 1750542.49459
90 531 807527.749459
91 802 1184086.77495
92 833 1957911.67749
93 727 941318.567749
94 1153 2774476.05677
95 793 952037.705677
96 347 350368.770568
97 371 429002.977057
98 365 531812.997706
99 599 508984.199771
100 640 1392295.01998
101 163 238746.101998
102 362 537481.9102
103 471 745525.39102
104 62 80339.739102
105 899 1337350.07391
106 499 884897.207391
107 67 99892.4207391
108 437 445083.242074
109 773 1088742.72421
110 663 661595.472421
111 419 265511.647242
112 448 961754.664724
113 470 924754.766472
114 596 882008.476647
115 435 1407197.24766
116 592 1469386.52477
117 566 859951.952477
118 414 413890.495248
119 396 529833.749525
120 162 177603.074952
121 263 179090.007495
122 486 286159.80075
123 799 1848754.58007
124 543 689041.558007
125 163 121125.055801
126 868 1852086.10558
127 389 403421.310558
128 455 443706.331056
129 990 1888403.33311
130 362 489162.633311
131 341 486508.063331
132 284 304168.406333
133 1101 1953761.34063
134 190 279751.534063
135 426 398258.953406
136 77 52627.2953406
137 457 1440019.12953
138 421 407031.412953
139 472 848519.241295
140 326 244042.72413
141 536 639222.772413
142 164 127521.177241
143 587 370299.817724
144 335 297051.181772
145 266 178666.218177
146 522 518593.721818
147 280 187199.872182
148 347 197999.987218
149 842 988109.898722
150 111 125999.989872
151 339 167490.498987
152 545 874252.149899
153 701 835344.51499
154 253 503454.151499
155 362 598069.71515
156 1009 2675250.17151
157 891 1286962.41715
158 476 560743.441715
159 414 315180.944172
160 537 614986.594417
161 539 473808.859442
162 110 69098.0859442
163 1036 1649781.80859
164 663 779901.280859
165 591 880240.328086
166 295 255341.332809
167 1040 1312415.83328
168 545 469087.083328
169 1065 2521350.10833
170 664 848824.510833
171 210 174277.351083
172 363 303068.735108
173 447 306316.673511
174 38 33252.4673511
175 174 137837.646735
176 618 640473.064674
177 590 912010.006467
178 646 1009309.80065
179 241 245300.380065
180 181 114619.038006
181 110 56978.8038006
182 422 321581.98038
183 642 1013571.69804
184 488 541927.869804
185 1080 961051.58698
186 164 252613.758698
187 481 1167854.57587
188 1368 2924887.45759
189 297 484139.045759
190 135 85962.4045759
191 543 553811.840458
192 1026 1448580.98405
193 515 764470.898405
194 571 396237.98984
195 174 81372.698984
196 635 728542.769898
197 275 263653.87699
198 255 222855.487699
199 429 203752.14877
200 306 336478.914877
201 589 433556.391488
202 742 987179.939149
203 1120 1952695.89391
204 233 380291.389391
205 351 336504.238939
206 293 156548.723894
207 422 283765.972389
208 204 138184.397239
209 548 437176.239724
210 967 1663453.12397
211 685 681937.512397
212 417 1374188.25124
213 361 525125.725124
214 285 645938.172512
215 550 559779.417251
216 462 575507.941725
217 740 1445297.69417
218 468 575226.469417
219 406 365783.346942
220 180 184397.234694
221 568 735209.923469
222 426 822274.492347
223 382 680188.349235
224 446 571183.734923
225 673 1116931.97349
226 894 850551.297349
227 75 96795.3297349
228 635 853539.932973
229 418 510287.693297
230 183 153280.66933
231 827 1570803.56693
232 265 238196.156693
233 745 942580.615669
234 162 257525.161567
235 562 823749.716157
236 968 1939262.67162
237 904 1237843.46716
238 660 647369.246716
239 152 155402.224672
240 241 135201.422467
241 800 1168860.54225
242 731 1386874.05422
243 740 2058703.50542
244 772 1229313.55054
245 555 477875.655054
246 529 1376975.46551
247 452 1114097.14655
248 695 1123450.31466
249 845 944820.331466
250 663 682233.033147
251 246 207053.703315
252 722 1841812.27033
253 628 1002711.32703
254 148 155692.332703
255 113 42706.0332703
256 660 673716.503327
257 398 286130.150333
258 903 3967333.61503
259 759 1456751.5615
260 874 2612674.35615
261 38 262662.335615
262 252 128478.633562
263 848 986339.863356
264 542 796782.286336
265 159 153802.228634
266 370 603793.522863
267 443 422096.952286
268 135 118764.395229
269 395 288744.239523
270 251 271434.423952
271 104 46851.1423952
272 496 601024.41424
273 105 82883.141424
274 699 1663917.71414
275 517 1115372.17141
276 411 641995.817141
277 450 605222.081714
278 325 572394.108171
279 453 505655.410817
280 678 3146782.54108
281 821 1028974.25411
282 1417 5868065.72541
283 620 1757648.27254
284 847 1232741.02725
285 176 191923.102725
286 214 123861.510273
287 375 627529.551027
288 287 250641.755103
289 317 275213.47551
290 802 1136275.14755
291 154 168317.614755
292 360 251454.961476
293 700 544891.096148
294 254 251062.609615
295 320 355384.560961
296 259 222075.556096
297 691 547446.85561
298 331 308759.785561
299 761 965257.278556
300 131 139751.227856
301 841 2081128.82279
302 542 1563114.98228
303 736 406658.298228
304 198 205573.229823
305 269 252681.522982
306 573 436194.252298
307 686 687604.92523
308 215 172846.592523
309 714 1851468.65925
310 252 309280.465925
311 662 753544.746593
312 472 414211.374659
313 845 3849773.33747
314 354 878052.133747
315 580 471622.113375
316 200 149006.811337
317 671 417541.781134
318 499 564909.978113
319 440 367526.997811
320 310 427105.799781
321 926 1282528.87998
322 700 1794949.688
323 819 2440522.1688
324 621 1036504.41688
325 1237 3658958.14169
326 406 655560.914169
327 253 206458.591417
328 423 435167.159142
329 617 1427232.01591
330 667 708595.901591
331 865 2586117.89016
332 89 286316.889016
333 322 278490.688902
334 665 1064142.66889
335 498 1114088.56689
336 238 318784.956689
337 412 455988.795669
338 473 424121.279567
339 583 1592018.22796
340 190 291774.722796
341 309 503418.67228
342 670 720448.067228
343 434 331546.306723
344 438 590564.830672
345 469 548799.383067
346 287 359376.738307
347 408 352319.873831
348 110 49753.9873831
349 326 683417.298738
350 614 1764418.22987
351 701 684109.722987
352 496 802874.572299
353 510 670519.25723
354 710 1522069.22572
355 361 500832.922572
356 188 108971.392257
357 180 128307.839226
358 793 966571.183923
359 851 1304152.71839
360 780 1351926.57184
361 226 278085.357184
362 594 966430.635718
363 400 491667.063572
364 212 152683.906357
365 572 495621.490636
366 379 284341.749064
367 346 250575.874906
368 182 129982.487491
369 1148 1251166.44875
370 302 733049.444875
371 887 2249216.34449
372 318 347610.534449
373 261 363733.653445
374 384 348669.765344
375 652 802474.376534
376 838 1307982.53765
377 232 268960.053765
378 499 1111316.50538
379 739 1820170.45054
380 373 483477.945054
381 61 57775.5945054
382 252 132744.859451
383 375 410934.085945
384 466 406055.408595
385 1040 2261184.84086
386 818 2541829.48409
387 403 522519.648409
388 552 671191.864841
389 669 1578552.28648
390 952 1083124.32865
391 303 325932.532865
392 343 317485.553286
393 623 1366321.65533
394 280 339807.065533
395 528 531374.906553
396 527 766825.390655
397 274 406392.939066
398 504 1215907.19391
399 170 213882.319391
400 117 49565.4319391
401 261 117886.843194
402 407 691483.084319
403 606 697514.308432
404 582 569961.630843
405 253 314438.463084
406 351 447337.346308
407 773 912793.634631
408 544 1074097.36346
409 422 388800.336346
410 268 196488.133635
411 1123 2223973.91336
412 1410 2288524.79134
413 34 229148.879134
414 220 95152.8879134
415 683 377591.388791
416 399 423313.838879
417 394 329083.383888
418 263 145084.238389
419 380 306644.323839
420 879 2022939.03238
421 1193 2519916.10324
422 877 1091956.51032
423 364 267751.151032
424 589 520105.615103
425 713 1338285.76151
426 128 226088.876151
427 493 1652952.38762
428 284 499266.538762
429 353 397907.853876
430 389 308534.385388
431 657 1833622.33854
432 376 535562.933854
433 397 639296.793385
434 374 405871.479339
435 861 1701749.54793
436 922 1582805.15479
437 362 626060.115479
438 1061 1590982.01155
439 445 377013.601155
440 376 549122.960115
441 762 1899384.19601
442 587 802545.919601
443 354 347527.69196
444 549 677153.469196
445 215 247374.94692
446 655 783322.494692
447 309 326586.849469
448 209 109688.484947
449 968 1672491.44849
450 447 639716.744849
451 576 894103.874485
452 341 426792.287448
453 114 55085.0287448
454 215 139258.202874
455 441 315628.220287
456 371 343839.422029
457 1398 2232193.2422
458 154 346879.32422
459 631 1230665.13242
460 587 637553.413242
461 325 383501.741324
462 399 210761.474132
463 350 120443.647413
464 215 56177.2647413
465 461 308468.526474
466 207 272510.252647
467 406 369319.025265
468 518 717272.302526
469 55 76518.7302526
470 632 801305.873025
471 445 434762.987303
472 86 62370.2987303
473 155 144026.529873
474 163 111139.152987
475 551 530429.815299
476 168 102300.28153
477 963 1293771.22815
478 105 167301.522815
479 160 48787.0522815
480 539 1291793.70523
481 622 1488564.97052
482 176 272748.297052
483 680 630295.629705
484 558 1799980.16297
485 803 2082915.5163
486 342 836458.35163
487 457 571025.335163
488 283 299821.733516
489 276 203594.273352
490 240 85889.3273352
491 652 917180.832734
492 380 416019.983273
493 822 2779516.19833
494 326 990254.119833
495 179 191509.511983
496 581 1412607.3512
497 484 604820.93512
498 432 262032.293512
499 347 374385.729351
500 431 388955.172935
501 369 258382.217294
502 32 26250.9217294
503 65 5673.49217294
504 265 233184.549217
505 464 734708.954922
506 638 1107121.59549
507 348 608912.659549
508 73 84424.6659549
509 316 226640.366595
510 440 462319.53666
511 785 810862.153666
512 310 269190.015367
513 386 401109.401537
514 542 1086141.84015
515 219 184290.584015
516 331 232499.358402
517 818 1537062.33584
518 627 1496276.73358
519 414 454784.173358
520 587 573866.817336
521 265 159339.981734
522 181 91351.5981734
523 200 271579.359817
524 900 1090137.33598
525 866 1667405.4336
526 355 395132.54336
527 590 2114092.15434
528 1266 4452739.11543
529 255 644321.611543
530 488 793439.261154
531 709 1286100.42612
532 278 271735.242612
533 333 226701.224261
534 322 149085.822426
535 191 226473.182243
536 122 84565.7182243
537 339 280721.071822
538 262 243181.707182
539 1172 3609384.47072
540 38 362119.347072
541 343 226195.934707
542 587 725435.293471
543 614 604830.229347
544 416 273100.822935
545 704 681992.782293
546 204 184889.078229
547 1128 3673061.40782
548 270 842142.040782
549 195 294163.604078
550 293 634177.660408
551 464 774611.466041
552 465 613742.746604
553 147 102190.37466
554 453 865664.437466
555 599 1020776.04375
556 422 420548.304375
557 266 178311.030437
558 503 673792.903044
559 537 322230.090304
560 866 1000894.30903
561 707 1146430.8309
562 225 295881.58309
563 429 406264.658309
564 191 263246.465831
565 262 469453.146583
566 830 998758.414658
567 594 1359151.24147
568 336 643305.624147
569 264 164230.662415
570 246 157985.666241
571 453 406149.266624
572 401 487922.626662
573 250 321337.262666
574 651 2753192.72627
575 300 517113.372627
576 397 330718.837263
577 680 2745567.78373
578 493 579905.978373
579 534 604765.597837
580 538 914348.759784
581 400 474658.175978
582 237 188512.417598
583 1053 2043256.04176
584 410 852385.804176
585 673 1448007.58042
586 997 1895026.45804
587 181 307685.445804
588 501 246536.04458
589 366 400736.504458
590 170 96534.9504458
591 412 377384.695045
592 248 262125.169504
593 396 475242.31695
594 208 128039.431695
595 364 908784.54317
596 525 1187339.15432
597 260 275290.815432
598 125 49786.8815432
599 236 80681.1881543
600 187 117640.618815
601 101 44760.9618815
602 342 217335.096188
603 508 1127833.40962
604 232 449253.540962
605 494 498528.054096
606 330 690718.10541
607 571 603723.310541
608 290 606339.931054
609 701 904898.193105
610 642 1976645.81931
611 128 230347.681931
612 791 2032709.66819
613 935 686497.566819
614 472 912988.756682
615 365 455891.775668
616 591 557016.677567
617 481 1227231.96776
618 423 362232.396776
619 171 136681.039678
620 635 447040.503968
621 591 533215.650397
622 557 544404.96504
623 267 256296.196504
624 869 1834792.31965
625 466 340797.331965
626 250 174814.633197
627 314 337870.66332
628 742 1074262.76633
629 90 117914.776633
630 591 546486.577663
631 703 392751.457766
632 260 189023.645777
633 271 457357.764578
634 352 208777.776458
635 313 169394.277646
636 821 1897799.42776
637 245 276053.642776
638 473 493231.864278
639 1174 3099015.28643
640 313 494955.128643
641 502 368422.412864
642 89 48280.9412864
643 93 36389.0941286
644 888 1286139.60941
645 336 363379.860941
646 209 174491.986094
647 780 1825303.59861
648 255 393523.259861
649 466 344191.525986
650 380 241753.652599
651 228 160919.96526
652 560 362342.896526
653 772 1261524.28965
654 260 469390.028965
655 208 119201.502897
656 848 2627731.45029
657 370 509164.145029
658 681 986344.414503
659 693 491428.64145
660 1134 1593373.76415
661 344 859614.776415
662 250 180814.977641
663 909 2856214.89776
664 436 502992.589776
665 541 516745.658978
666 785 1016573.8659
667 288 246563.78659
668 237 203849.978659
669 1105 3594773.09787
670 146 443832.309787
671 311 221184.730979
672 660 1274420.6731
673 679 1940209.56731
674 187 274811.356731
675 594 648314.635673
676 247 215276.363567
677 1516 3233644.23636
678 671 2202844.02364
679 361 622148.502364
680 250 204655.450236
681 502 543289.045024
682 366 208862.204502
683 865 3072711.42045
684 1174 2542604.44205
685 718 1195142.3442
686 559 816504.43442
687 256 165886.443442
688 356 352040.244344
689 235 123068.624434
690 174 65775.8624434
691 93 21395.9862443
692 415 787630.398624
693 85 91882.5398624
694 277 201588.553986
695 321 415972.255399
696 239 147531.62554
697 845 1574038.76255
698 224 283458.776255
699 138 119784.477626
700 123 29430.3477626
701 148 130164.834776
702 311 144936.883478
703 502 776142.588348
704 469 634485.558835
705 355 473616.555883
706 255 166899.455588
707 508 641638.545559
708 351 363367.454556
709 503 337500.245456
710 473 383789.624546
711 471 320371.062455
712 269 193472.406245
713 513 689875.540625
714 32 69187.2540625
715 892 1398820.12541
716 165 192605.112541
717 315 467579.411254
718 744 736274.141125
719 302 274336.614113
720 37 29405.8614113
721 376 462524.586141
722 1161 1803898.75861
723 263 425242.675861
724 244 235518.667586
725 932 2046517.16676
726 651 1778036.41668
727 142 206024.241668
728 281 276746.524167
729 448 275584.652417
730 363 370346.165242
731 1136 1414381.01652
732 458 687246.201652
733 682 1154403.52017
734 415 477635.652017
735 699 1329498.2652
736 1221 1454114.82652
737 1103 2204559.28265
738 642 1164130.12827
739 450 370718.712827
740 766 3310032.57128
741 556 793657.757128
742 277 304217.175713
743 1143 2232232.11757
744 169 299335.811757
745 513 694074.981176
746 332 260635.298118
747 179 67873.4298118
748 412 749555.742981
749 728 1212778.8743
750 798 1519758.78743
751 226 464841.978743
752 976 2150111.19787
753 1092 1999337.11979
754 580 1088939.81198
755 891 786946.481198
756 398 910093.44812
757 180 157375.144812
758 192 104219.014481
759 215 125242.901448
760 43 13560.6901448
761 1329 2793937.56901
762 860 1376239.8569
763 607 947157.68569
764 655 667637.068569
765 769 864534.906857
766 640 1307043.69069
767 996 1406238.66907
768 422 462117.266907
769 530 336864.626691
770 393 484834.562669
771 492 415322.156267
772 752 765042.515627
773 756 1559253.15156
774 412 539110.815156
775 430 872429.681516
776 284 374446.768152
777 259 247704.976815
778 690 1012642.89768
779 244 255203.889768
780 385 192793.088977
781 477 928242.608898
782 472 335092.26089
783 517 930514.126089
784 297 302748.912609
785 193 124112.191261
786 270 229090.419126
787 240 143640.341913
788 641 724592.934191
789 359 471342.193419
790 480 287830.019342
791 1087 1897001.50193
792 463 448641.350193
793 333 331171.735019
794 361 268734.473502
795 909 600323.04735
796 654 946978.904735
797 349 462913.190474
798 168 94143.2190474
799 116 70864.7219047
800 339 181935.57219
801 548 549301.657219
802 287 322445.165722
803 193 273738.716572
804 138 64764.8716572
805 198 123288.587166
806 273 290316.658717
807 135 81214.2658717
808 249 228320.326587
809 231 307020.832659
810 248 450557.883266
811 192 111936.788327
812 421 153210.778833
813 354 192384.877883
814 283 185022.887788
815 848 1989962.58878
816 263 594735.258878
817 476 695304.425888
818 418 662407.242589
819 194 189343.824259
820 229 161698.782426
821 816 1487681.77824
822 434 790109.977824
823 362 273634.097782
824 402 398127.509778
825 187 126472.750978
826 380 203282.575098
827 373 477433.25751
828 473 323507.225751
829 232 186738.122575
830 642 1345466.31226
831 1079 2706107.03123
832 262 545441.303123
833 574 1360943.23031
834 679 1265033.42303
835 1108 2054475.7423
836 277 326849.67423
837 180 204142.667423
838 635 710582.466742
839 245 175344.146674
840 466 820023.814667
841 799 1163644.58147
842 1019 1710101.35815
843 565 853175.735815
844 33 86126.3735815
845 146 57138.7373581
846 259 163847.073736
847 1242 2068454.20737
848 427 468612.320737
849 486 664743.932074
850 529 1129428.49321
851 338 482260.149321
852 804 635462.514932
853 1338 2961926.25149
854 612 666201.825149
855 539 626856.582515
856 207 300621.358251
857 97 40385.8358251
858 791 1902674.78358
859 268 251922.378358
860 181 119389.537836
861 248 167319.253784
862 321 407177.725378
863 259 146513.772538
864 128 65143.5772538
865 593 1012213.45773
866 542 1269198.94577
867 121 161804.494577
868 381 240234.349458
869 767 1318837.83495
870 806 1561772.98349
871 379 416718.598349
872 268 215858.659835
873 656 1683696.66598
874 695 1034822.7666
875 346 172906.17666
876 1002 1642423.71767
877 516 674340.571767
878 421 1181654.75718
879 995 1184904.97572
880 402 599588.597572
881 633 557156.459757
882 269 192546.045976
883 131 115927.004598
884 1114 2396809.40046
885 600 1496913.44005
886 571 888912.044005
887 568 722492.8044
888 728 1176143.28044
889 233 288658.328044
890 656 581601.332804
891 259 307089.13328
892 751 2113727.21333
893 369 1056036.12133
894 249 312375.612133
895 427 563123.061213
896 404 290425.706121
897 501 998417.370612
898 701 793714.137061
899 259 211697.513706
900 1084 3414793.95137
901 349 663098.295137
902 537 652572.229514
903 260 330930.022951
904 392 336161.902295
905 190 97828.0902295
906 447 264379.509023
907 1020 1255254.7509
908 1791 9418398.47509
909 318 1239809.54751
910 268 255889.754751
911 132 65906.7754751
912 840 884464.477548
913 640 317824.647755
914 290 322376.364775
915 719 1604390.73648
916 266 431487.773648
917 518 1218775.77736
918 170 167149.577736
919 827 686249.957774
920 350 371206.395777
921 441 288194.739578
922 711 385476.773958
923 97 58760.4773958
924 397 389865.14774
925 128 82191.214774
926 323 244873.421477
927 909 1053697.04215
928 533 1711777.90421
929 100 193838.790421
930 386 211451.479042
931 492 534976.547904
932 140 102288.25479
933 1518 2182944.62548
934 197 324097.162548
935 466 525192.416255
936 125 125969.741625
937 314 333716.574163
938 832 5336112.15742
939 774 1271929.81574
940 396 845665.681574
941 451 249297.868157
942 65 39462.2868157
943 715 1087963.42868
944 91 132559.642868
945 58 15234.3642868
946 1005 1770018.53643
947 554 1133591.85364
948 504 777352.085364
949 531 947258.808536
950 531 695002.480854
951 271 196476.848085
952 926 1514069.48481
953 835 1663265.04848
954 1474 4412490.20485
955 1320 2529988.62048
956 774 1615354.96205
957 92 184129.596205
958 139 61546.4596205
959 321 354535.945962
960 662 636317.794596
961 683 737037.57946
962 175 183981.357946
963 51 23171.5357946
964 806 917127.753579
965 573 865879.675358
966 722 936114.367536
967 389 807517.336754
968 246 243571.833675
969 480 541329.383368
970 449 284134.938337
971 303 139582.093834
972 1098 2462646.00938
973 947 3637266.30094
974 256 617697.130094
975 343 434469.513009
976 586 794191.051301
977 416 423113.30513
978 337 340031.730513
979 689 1396639.87305
980 1116 4360602.48731
981 1915 3567095.54873
982 257 800432.654873
983 654 1467660.16549
984 196 191689.316549
985 355 195469.031655
986 737 1296404.30317
987 710 1207652.23032
988 133 145123.523032
989 354 716325.752303
990 556 635984.67523
991 697 1658510.06752
992 261 462715.606752
993 592 1289661.66068
994 758 2762189.46607
995 393 747797.346607
996 170 199597.634661
997 181 71530.5634661
998 30 7415.85634661
999 696 595350.185635
1000 311 426830.018563
1001 473 782070.901856
1002 377 254239.290186
1003 305 432513.229019
1004 275 168656.222902
1005 262 236409.32229
1006 468 377606.732229
1007 266 128218.473223
1008 623 941498.647322
1009 344 471960.164732
1010 304 359940.516473
1011 253 275434.051647
1012 514 182230.905165
1013 134 47453.8905165
1014 290 157614.489052
1015 184 103868.748905
1016 218 115299.874891
1017 267 363495.187489
1018 514 1120785.11875
1019 683 605134.911875
1020 475 407923.791187
1021 194 129406.379119
1022 356 319612.037912
1023 400 762945.603791
1024 400 870756.660379
1025 257 301389.666038
1026 887 2172776.8666
1027 925 1476058.58666
1028 528 484630.758666
1029 549 1096549.67587
1030 269 336733.467587
1031 155 100815.246759
1032 191 60775.7246759
1033 352 304082.972468
1034 336 884398.297247
1035 196 162899.629725
1036 336 340476.662972
1037 945 1279198.6663
1038 303 313242.76663
1039 321 358948.176663
1040 1099 2300274.41767
1041 1170 2552031.94177
1042 1108 1980659.39418
1043 738 2060439.43942
1044 990 1972196.94394
1045 382 730960.794394
1046 238 179307.779439
1047 155 85810.8779439
1048 193 165368.387794
1049 725 1591406.23878
1050 990 1891693.12388
1051 353 572346.212388
1052 326 203038.221239
1053 300 564480.422124
1054 343 207828.342212
1055 419 294037.334221
1056 724 1199265.93342
1057 700 1377933.59334
1058 609 1329856.85933
1059 686 1337097.48593
1060 836 999347.648593
1061 447 1135229.26486
1062 144 235883.526486
1063 332 168762.052649
1064 583 527280.405265
1065 797 778801.440526
1066 240 237591.644053
1067 449 792306.864405
1068 469 1404843.28644
1069 428 503032.428644
1070 756 1606333.44286
1071 669 710528.444286
1072 290 163659.044429
1073 823 1029552.90444
1074 537 1135031.49044
1075 376 394974.749044
1076 604 335271.274904
1077 248 399828.62749
1078 674 960584.562749
1079 167 149792.056275
1080 424 854981.705627
1081 278 345146.470563
1082 248 255166.147056
1083 706 774588.914706
1084 655 1056046.89147
1085 473 680639.689147
1086 207 94249.1689147
1087 540 627382.216891
1088 534 779305.921689
1089 612 1925376.49217
1090 698 1540451.74922
1091 595 1204900.17492
1092 231 238509.117492
1093 243 98534.5117492
1094 248 142872.351175
1095 837 2374306.63512
1096 634 891997.663512
1097 603 985614.166351
1098 269 226678.716635
1099 240 139644.871664
1100 436 1365339.58717
1101 993 1776432.55872
1102 1327 2125881.85587
1103 731 1330138.88559
1104 164 175541.788559
1105 182 117563.978856
1106 406 425091.797886
1107 238 221335.579789
1108 28 22264.7579789
1109 875 928171.975798
1110 766 1340163.99758
1111 837 693059.799758
1112 559 377436.279976
1113 659 960993.027998
1114 153 136131.8028
1115 886 836354.38028
1116 535 1026418.33803
1117 188 128987.233803
1118 173 93204.4233803
1119 414 460228.442338
1120 423 674994.044234
1121 348 394573.004423
1122 305 245538.300442
1123 430 587399.030044
1124 620 677814.403004
1125 298 276040.6403
1126 834 4060496.36403
1127 802 2138311.5364
1128 244 375779.15364
1129 293 229637.415364
1130 600 617391.741536
1131 564 1029257.67415
1132 424 359930.667415
1133 616 1149986.06674
1134 243 230372.106674
1135 461 424099.810667
1136 986 1778204.58107
1137 415 603243.658107
1138 481 933330.365811
1139 275 384586.536581
1140 669 528945.553658
1141 489 571077.855366
1142 62 68982.5855366
1143 613 1221770.25855
1144 76 135417.025855
1145 656 912664.202586
1146 840 1676373.22026
1147 565 995734.122026
1148 779 1270269.1122
1149 435 469316.51122
1150 215 145872.651122
1151 358 330852.365112
1152 214 200406.636511
1153 696 1357660.36365
1154 331 356536.436365
1155 203 98586.9436365
1156 498 323716.394364
1157 193 132695.339436
1158 971 1531812.33394
1159 202 431178.133394
1160 424 415464.513339
1161 354 514508.851334
1162 356 587986.785133
1163 706 902144.578513
1164 381 306456.057851
1165 1106 1960725.20579
1166 276 320220.620579
1167 574 392990.862058
1168 570 601065.886206
1169 390 390709.788621
1170 279 245074.078862
1171 412 304559.207886
1172 384 508598.520789
1173 682 2593936.65208
1174 1069 1014174.16521
1175 563 724647.416521
1176 310 213569.841652
1177 719 740867.284165
1178 238 216608.428417
1179 179 78353.3428417
1180 327 147334.134284
1181 308 440450.713428
1182 1074 4589941.57134
1183 35 460970.857134
1184 141 77643.2857134
1185 132 44973.6285713
1186 291 157664.062857
1187 290 563946.106286
1188 537 597344.010629
1189 335 551225.101063
1190 268 206021.710106
1191 420 837872.071011
1192 814 1143220.6071
1193 561 817135.76071
1194 266 202121.276071
1195 573 741823.927607
1196 155 106719.092761
1197 621 421118.509276
1198 865 1101817.05093
1199 171 158367.405093
1200 513 735014.940509
1201 395 562247.394051
1202 889 2130906.03941
1203 916 1660002.50394
1204 311 437185.750394
1205 300 304462.575039
1206 335 340959.957504
1207 508 917821.59575
1208 592 531353.759575
1209 676 992104.275958
1210 1682 5401865.5276
1211 215 707441.75276
1212 640 1495245.17528
1213 273 458925.317528
1214 769 1572007.43175
1215 416 545137.443175
1216 439 402219.044318
1217 939 1986115.80443
1218 817 1770429.38044
1219 753 1295072.53804
1220 456 638096.353804
1221 108 120242.53538
1222 1052 1971234.75354
1223 803 1701645.47535
1224 431 505704.647535
1225 237 157239.564754
1226 499 971505.456475
1227 241 325435.845648
1228 599 632179.284565
1229 61 67986.6284565
1230 408 356478.662846
1231 399 646628.566285
1232 259 551270.156628
1233 668 950397.415663
1234 679 1324349.44157
1235 409 463979.944157
1236 560 873190.794416
1237 588 1381391.67944
1238 568 1257518.26794
1239 679 757092.226794
1240 341 936973.222679
1241 492 381158.522268
1242 673 726997.452227
1243 179 112432.245223
1244 334 256383.124522
1245 276 121845.812452
1246 553 857594.481245
1247 309 353364.648125
1248 612 994964.064812
1249 420 293547.006481
1250 666 1177834.10065
1251 1111 1266286.21006
1252 562 1276275.42101
1253 53 130956.142101
1254 259 141217.61421
1255 409 477457.761421
1256 603 546697.876142
1257 522 380407.887614
1258 653 1638201.08876
1259 699 1095743.70888
1260 718 841826.770888
1261 455 838609.877089
1262 506 483337.787709
1263 662 1031622.17877
1264 489 880527.717877
1265 376 599127.571788
1266 157 122835.257179
1267 1036 1264229.52572
1268 1246 3590169.45257
1269 995 1729381.14526
1270 389 437142.914526
1271 674 1030253.79145
1272 135 135972.979145
1273 228 305750.597915
1274 243 262986.259791
1275 39 27218.7259791
1276 561 1133362.6726
1277 384 339080.56726
1278 236 220552.756726
1279 481 312000.375673
1280 632 566895.637567
1281 530 569445.863757
1282 425 584412.086376
1283 1087 2719616.40864
1284 198 348068.740864
1285 670 1750659.27409
1286 616 707994.527409
1287 406 564006.052741
1288 439 316616.805274
1289 821 1722027.28053
1290 219 311977.228053
1291 664 850826.822805
1292 280 319859.282281
1293 296 145427.228228
1294 373 139461.422823
1295 339 417317.042282
1296 831 1102864.10423
1297 230 194816.010423
1298 557 2070460.60104
1299 249 438013.460104
1300 232 136048.94601
1301 922 1031111.2946
1302 624 1393403.12946
1303 301 440485.012946
1304 530 537879.401295
1305 357 237506.140129
1306 409 457456.214013
1307 733 1647952.6214
1308 1123 2224884.56214
1309 513 1361877.75621
1310 775 1205507.17562
1311 240 406487.217562
1312 516 1123824.42176
1313 567 697690.642176
1314 399 467460.864218
1315 537 371758.886422
1316 275 218749.488642
1317 685 556587.648864
1318 677 410149.364886
1319 443 304305.036489
1320 195 81415.8036489
1321 941 3034154.88036
1322 852 1929612.48804
1323 122 219488.248804
1324 515 695255.62488
1325 212 196670.162488
1326 456 465395.616249
1327 143 125918.161625
1328 252 134716.516162
1329 700 695823.951616
1330 399 354269.995162
1331 529 1131979.39952
1332 455 621755.539952
1333 527 963038.753995
1334 363 918053.8754
1335 795 1365095.18754
1336 120 173240.418754
1337 498 916191.641875
1338 334 240139.164188
1339 413 569801.216419
1340 210 114693.321642
1341 702 1388083.73216
1342 63 144687.073216
1343 518 313215.507322
1344 664 941809.950732
1345 560 1290473.09507
1346 381 564701.109507
1347 140 120273.610951
1348 50 13672.3610951
1349 941 2596836.93611
1350 279 438527.193611
1351 432 347550.319361
1352 680 1207238.33194
1353 650 1079675.23319
1354 534 609161.223319
1355 576 271266.222332
1356 252 107326.422233
1357 417 363294.442223
1358 268 313949.744222
1359 765 1113245.17442
1360 420 443958.417442
1361 707 791020.041744
1362 508 1111272.30417
1363 404 315556.630417
1364 566 658552.163042
1365 280 212339.016304
1366 305 193276.30163
1367 835 840266.230163
1368 843 651818.223016
1369 1147 3266135.7223
1370 451 677868.47223
1371 237 326425.647223
1372 443 1219892.96472
1373 454 1134649.29647
1374 450 402939.229647
1375 655 882639.822965
1376 723 1520225.5823
1377 111 173265.15823
1378 239 61981.115823
1379 365 631933.011582
1380 100 87150.7011582
1381 47 10458.8701158
1382 757 2536720.28701
1383 332 603289.828701
1384 871 4703006.48287
1385 467 825703.248287
1386 561 1690393.22483
1387 681 1340788.72248
1388 325 316892.372248
1389 415 623958.637225
1390 649 2640436.66372
1391 741 1267960.16637
1392 134 165694.716637
1393 333 379267.371664
1394 367 584442.337166
1395 39 59500.0337166
1396 255 78085.3033717
1397 446 361506.630337
1398 27 36347.7630337
1399 191 70653.2763034
1400 515 446584.02763
1401 307 227095.502763
1402 136 89263.6502763
1403 544 896589.565028
1404 712 473448.956503
1405 688 884485.89565
1406 406 333827.189565
1407 1027 2871286.71896
1408 374 855495.471896
1409 399 331059.94719
1410 308 279974.394719
1411 358 756217.339472
1412 529 537842.233947
1413 553 606173.423395
1414 696 831907.642339
1415 273 215372.864234
1416 135 94644.8864234
1417 394 474524.088642
1418 58 54662.3088642
1419 364 265971.830886
1420 178 152667.283089
1421 544 691220.928309
1422 837 1133241.99283
1423 457 387838.599283
1424 424 331966.959928
1425 296 256142.395993
1426 344 737354.739599
1427 611 880179.77396
1428 1030 1374473.6774
1429 360 505192.36774
1430 177 217134.636774
1431 202 181114.863677
1432 905 928102.786368
1433 519 775930.978637
1434 501 835093.297864
1435 968 1865673.92979
1436 843 1063445.99298
1437 860 1071296.0993
1438 623 2281696.70993
1439 858 1718943.77099
1440 526 914121.177099
1441 455 410983.31771
1442 256 203538.331771
1443 960 4798619.23318
1444 515 904249.123318
1445 573 1123676.11233
1446 126 190888.611233
1447 261 116469.361123
1448 257 291622.036112
1449 455 331759.703611
1450 439 271633.770361
1451 503 347705.777036
1452 616 1295327.2777
1453 241 268278.52777
1454 126 79088.452777
1455 244 201774.045278
1456 893 1688647.70453
1457 219 294954.070453
1458 473 286585.107045
1459 336 590121.110705
1460 551 512082.61107
1461 789 4450774.06111
1462 1093 3375409.10611
1463 990 2808666.71061
1464 411 655268.271061
1465 655 869479.227106
1466 381 410407.622711
1467 560 305134.962271
1468 511 875891.496227
1469 260 161281.849623
1470 961 1530844.58496
1471 741 1239826.4585
1472 642 1223488.64585
1473 1277 1408977.66458
1474 827 1817785.96646
1475 541 517951.996646
1476 436 616008.499665
1477 262 166153.849966
1478 325 329794.784997
1479 247 207610.0785
1480 222 101319.40785
1481 436 636086.340785
1482 259 231776.934078
1483 47 24210.7934078
1484 202 80926.8793408
1485 212 73233.5879341
1486 190 197358.058793
1487 330 349424.705879
1488 797 3861087.47059
1489 435 660916.047059
1490 299 295774.204706
1491 300 158451.620471
1492 483 699404.062047
1493 368 616087.406205
1494 358 328806.04062
1495 206 293276.804062
1496 644 964769.880406
1497 330 474156.888041
1498 330 686782.088804
1499 343 327915.30888
1500 422 345970.930888
1501 726 3329249.09309
1502 565 708815.709309
1503 906 2058268.97093
1504 1072 1918412.79709
1505 897 1388105.57971
1506 834 1885756.65797
1507 260 276931.165797
1508 414 331508.51658
1509 598 493500.951658
1510 870 1823505.59517
1511 849 1443543.55952
1512 485 633434.555952
1513 91 80840.9555952
1514 287 71383.7955595
1515 631 1212116.67956
1516 903 1490104.56796
1517 1115 1499752.1568
1518 309 324974.61568
1519 208 312180.561568
1520 853 1792129.05616
1521 143 226840.805616
1522 878 1158200.38056
1523 366 498695.238056
1524 91 57774.0238056
1525 387 289977.602381
1526 295 204005.560238
1527 580 404149.056024
1528 642 2147303.9056
1529 373 366726.39056
1530 1066 1869815.43906
1531 585 767894.743906
1532 218 221397.874391
1533 85 30989.6874391
1534 313 228730.668744
1535 662 955755.966874
1536 59 112242.096687
1537 770 1342312.00967
1538 243 345125.000967
1539 266 171795.500097
1540 600 863317.65001
1541 701 778138.665001
1542 469 631651.2665
1543 718 785270.02665
1544 632 1595101.30267
1545 859 1011811.93027
1546 93 116685.593027
1547 194 94897.0593027
1548 459 555264.80593
1549 183 145587.480593
1550 851 1286998.14806
1551 514 1015280.31481
1552 157 160711.631481
1553 473 410816.063148
1554 812 815042.006315
1555 264 292540.300631
1556 489 846791.830063
1557 305 286839.783006
1558 273 235330.178301
1559 148 69657.1178301
1560 546 397964.211783
1561 695 972333.021178
1562 704 805291.402118
1563 280 278984.740212
1564 600 567429.874021
1565 541 331898.187402
1566 308 360634.21874
1567 206 119116.221874
1568 480 832042.922187
1569 1030 2148262.09222
1570 520 1211241.50922
1571 307 655375.250922
1572 714 1190698.82509
1573 605 641704.282509
1574 459 461352.228251
1575 324 254568.222825
1576 480 516977.022283
1577 327 236285.102228
1578 848 1059575.61022
1579 672 1109773.86102
1580 191 353536.686102
1581 1135 2163110.16861
1582 380 407965.516861
1583 140 109129.851686
1584 255 122471.985169
1585 420 381036.198517
1586 396 343334.819852
1587 382 390059.981985
1588 589 1298117.4982
1589 274 283546.24982
1590 162 83291.024982
1591 181 70505.1024982
1592 214 311623.61025
1593 695 1860351.96102
1594 620 631830.296102
1595 344 370784.12961
1596 721 712684.312961
1597 793 1054499.5313
1598 370 317658.75313
1599 276 201043.275313
1600 607 878499.027531
1601 449 247424.002753
1602 898 2212501.50028
1603 295 345999.050028
1604 582 593494.805003
1605 59 65359.4805003
1606 76 22473.94805
1607 161 107672.994805
1608 886 843453.399481
1609 112 99674.8399481
1610 853 2606127.18399
1611 648 1334014.8184
1612 874 1707165.78184
1613 653 416451.478184
1614 712 3139361.44782
1615 477 1214340.04478
1616 286 275588.104478
1617 303 264928.610448
1618 1418 2522118.16104
1619 629 941808.016104
1620 122 128975.90161
1621 480 670087.290161
1622 558 1187515.72902
1623 826 1266997.7729
1624 162 159403.57729
1625 146 139316.357729
1626 817 2851268.43577
1627 418 677027.943577
1628 279 239788.994358
1629 217 179025.499436
1630 1161 1037896.24994
1631 133 128422.324994
1632 756 1490108.0325
1633 331 570204.40325
1634 466 458455.040325
1635 250 367890.404032
1636 617 816547.240403
1637 244 410721.22404
1638 467 647095.522404
1639 166 190907.25224
1640 398 351366.325224
1641 539 414142.932522
1642 304 271163.393252
1643 214 199848.539325
1644 410 499497.453933
1645 252 380844.345393
1646 820 1312691.03454
1647 881 1023153.50345
1648 414 561045.950345
1649 672 509331.795035
1650 40 51970.1795035
1651 840 1481169.71795
1652 453 452961.471795
1653 606 798952.94718
1654 304 188699.094718
1655 358 373859.409472
1656 754 2435339.24095
1657 637 623692.524095
1658 948 2775100.55241
1659 116 344486.655241
1660 980 1069885.16552
1661 644 1443351.11655
1662 212 278606.211655
1663 660 765619.721166
1664 665 1132323.57212
1665 271 407352.857212
1666 792 668770.885721
1667 1264 1420049.08857
1668 628 810396.408857
1669 485 390857.440886
1670 824 1227377.84409
1671 818 1288868.08441
1672 218 233088.808441
1673 248 103548.180844
1674 157 116547.618084
1675 412 334550.961808
1676 410 360206.996181
1677 45 41179.8996181
1678 715 898165.989962
1679 150 206496.798996
1680 148 62672.8798996
1681 189 43406.38799
1682 465 350185.038799
1683 243 184131.50388
1684 868 1653831.65039
1685 336 514304.065039
1686 737 1461014.4065
1687 586 925367.74065
1688 612 1124320.07407
1689 194 241078.907407
1690 917 1707051.99074
1691 297 431739.999074
1692 488 544711.399907
1693 539 630563.339991
1694 460 1544563.634
1695 758 1188325.5634
1696 413 589497.05634
1697 493 1015891.00563
1698 951 1156705.20056
1699 585 569634.420056
1700 146 89728.9420056
1701 209 67453.5942006
1702 768 780404.45942
1703 330 285949.645942
1704 233 145915.764594
1705 540 782775.876459
1706 809 3280891.18765
1707 111 361597.518765
1708 489 743676.851876
1709 471 348484.585188
1710 442 538272.358519
1711 393 713778.235852
1712 362 445091.523585
1713 211 114065.452359
1714 408 362594.145236
1715 35 36364.9145236
1716 156 112368.691452
1717 506 796532.369145
1718 411 438426.636915
1719 1328 2414553.36369
1720 900 1847381.63637
1721 549 806295.063637
1722 1248 2160199.40636
1723 1205 3225210.44064
1724 456 792038.544064
1725 661 1507225.25441
1726 845 1256868.12544
1727 635 986886.812544
1728 263 486558.881254
1729 274 245631.688125
1730 637 698244.368813
1731 310 412979.636881
1732 666 674896.563688
1733 915 1339660.45637
1734 210 274200.645637
1735 1069 1517933.16456
1736 332 450095.016456
1737 512 722042.501646
1738 90 109640.250165
1739 751 1137736.42502
1740 294 357158.142502
1741 331 275232.71425
1742 142 87835.171425
1743 608 1764660.21714
1744 231 265478.121714
1745 511 516067.112171
1746 538 942676.711217
1747 301 331542.871122
1748 893 1687030.78711
1749 520 680580.578711
1750 98 99686.8578711
1751 854 1251547.18579
1752 233 194530.518579
1753 551 606444.751858
1754 188 117640.475186
1755 256 175847.847519
1756 138 36992.8847519
1757 567 806224.388475
1758 253 255461.638848
1759 889 3173506.06388
1760 657 1565752.30639
1761 357 454449.430639
1762 565 721097.643064
1763 536 463747.964306
1764 879 923574.196431
1765 191 241638.119643
1766 652 979157.411964
1767 354 201399.641196
1768 748 1848358.66412
1769 256 349418.766412
1770 310 441729.576641
1771 368 253711.557664
1772 292 160174.055766
1773 941 1005681.10558
1774 497 1550428.51056
1775 541 492729.951056
1776 183 118575.595106
1777 639 737682.259511
1778 252 247892.625951
1779 603 725705.562595
1780 407 270226.15626
1781 546 280454.115626
1782 496 495081.111563
1783 297 321160.311156
1784 234 222342.231116
1785 607 2422901.82311
1786 48 244330.582311
1787 742 1705042.75823
1788 748 980318.575823
1789 229 238827.557582
1790 578 1888162.35576
1791 437 909552.935576
1792 480 893626.593558
1793 348 433817.459356
1794 197 238772.545936
1795 72 30121.0545936
1796 311 167135.105459
1797 752 874256.910546
1798 791 1710164.89105
1799 475 599217.789105
1800 168 129384.378911
1801 497 601372.937891
1802 130 79946.2937891
1803 571 1549186.52938
1804 145 244009.752938
1805 635 569424.875294
1806 535 835127.087529
1807 304 229740.708753
1808 627 937301.170875
1809 509 871498.317088
1810 342 352499.931709
1811 553 654464.493171
1812 481 365265.749317
1813 168 129366.274932
1814 413 532221.227493
1815 426 484749.122749
1816 560 688376.812275
1817 796 1457208.88123
1818 887 1510826.58812
1819 465 995854.758812
1820 438 671267.975881
1821 374 303386.397588
1822 175 72034.1397588
1823 361 262535.513976
1824 976 2766329.9514
1825 331 670564.59514
1826 328 555596.059514
1827 498 296122.705951
1828 554 617211.570595
1829 356 268431.25706
1830 405 528716.325706
1831 543 463322.032571
1832 564 1649928.50326
1833 868 2744320.85033
1834 611 1521564.58503
1835 741 766262.858503
1836 391 946255.88585
1837 517 675422.588585
1838 419 360595.158859
1839 185 235966.115886
1840 195 179456.111589
1841 357 146173.811159
1842 456 581063.281116
1843 219 129137.228112
1844 312 349733.822811
1845 348 330092.782281
1846 254 238531.478228
1847 931 3960284.44782
1848 72 407575.044782
1849 223 162440.904478
1850 117 47876.9904478
1851 128 24955.6990448
1852 494 1070928.1699
1853 313 318154.41699
1854 187 77485.241699
1855 184 109093.22417
1856 823 1664914.02242
1857 573 534169.502242
1858 438 699502.650224
1859 775 1686565.26502
1860 768 1690953.3265
1861 564 1020034.23265
1862 636 1823539.82327
1863 1244 1694025.78233
1864 633 799191.278233
1865 671 804458.327823
1866 376 482294.432782
1867 447 625155.143278
1868 107 84149.6143278
1869 155 58898.4614328
1870 1314 1648483.94614
1871 795 2028487.39461
1872 363 531710.739461
1873 735 740899.673946
1874 545 313646.167395
1875 577 474617.116739
1876 366 235662.011674
1877 132 65587.3011674
1878 496 646413.430117
1879 332 285191.843012
1880 348 221035.984301
1881 764 772991.09843
1882 223 220201.209843
1883 648 1192953.02098
1884 258 259334.302098
1885 242 210702.33021
1886 114 34305.533021
1887 227 135734.753302
1888 803 1101729.47533
1889 483 640724.347533
1890 585 511751.134753
1891 588 802628.813475
1892 816 473725.081348
1893 284 197914.308135
1894 243 97701.8308135
1895 561 1000374.68308
1896 416 609472.568308
1897 1260 8913703.15683
1898 70 900605.915683
1899 246 187832.591568
1900 662 1222347.75916
1901 293 419766.575916
1902 263 179763.357592
1903 225 238192.635759
1904 338 229833.563576
1905 352 127571.156358
1906 297 337538.715636
1907 998 1355478.07156
1908 740 1091224.00716
1909 1278 3760374.40072
1910 503 1014905.74007
1911 222 231087.174007
1912 466 272582.817401
1913 824 1321687.68174
1914 974 3458544.06817
1915 1526 3609745.90682
1916 41 362089.490682
1917 809 400861.549068
1918 53 44801.5549068
1919 437 559112.855491
1920 79 68312.3855491
1921 357 235422.138555
1922 1260 1954779.51386
1923 553 1031349.25139
1924 706 889576.425139
1925 414 504427.842514
1926 560 827718.984251
1927 916 2312608.29843
1928 140 341292.729843
1929 1150 2043174.17298
1930 450 871382.117298
1931 289 269064.61173
1932 464 645902.561173
1933 371 654364.256117
1934 112 101043.725612
1935 450 441577.772561
1936 340 525578.477256
1937 650 763854.247726
1938 963 1275118.52477
1939 341 553557.052477
1940 625 1260299.00525
1941 378 522999.400525
1942 502 340606.340052
1943 519 996930.934005
1944 62 106638.493401
1945 123 73041.4493401
1946 479 681304.844934
1947 55 73612.0844934
1948 298 236477.008449
1949 384 403509.300845
1950 480 398411.030084
1951 408 363208.203008
1952 643 1031757.0203
1953 332 398818.30203
1954 494 1165060.3302
1955 337 381063.73302
1956 453 637622.073302
1957 506 1061061.30733
1958 1073 2287719.73073
1959 366 542258.773073
1960 466 784489.877307
1961 490 708051.687731
1962 303 277539.568773
1963 512 681248.556877
1964 622 871015.355688
1965 412 291627.435569
1966 873 1639931.54356
1967 1095 3873832.05436
1968 461 1005066.10544
1969 223 158616.910544
1970 268 163015.491054
1971 343 292466.749105
1972 342 252775.274911
1973 891 1501995.92749
1974 654 742331.692749
1975 411 595811.169275
1976 662 1120589.51693
1977 950 1700204.05169
1978 298 312033.705169
1979 378 450055.170517
1980 825 785873.017052
1981 441 397165.601705
1982 383 419072.360171
1983 460 462247.836017
1984 264 290154.083602
1985 119 86442.1083602
1986 532 189665.010836
1987 101 56240.0010836
1988 214 298189.400108
1989 549 605192.440011
1990 143 109870.444001
1991 526 742806.5444
1992 142 134849.05444
1993 2098 3340958.50544
1994 225 503148.750544
1995 762 735319.975054
1996 99 92530.3975054
1997 284 128368.939751
1998 365 335133.693975
1999 676 1059572.9694
2000 890 1485785.49694
2001 100 163036.549694
2002 570 609091.054969
2003 955 2718707.3055
2004 737 2362575.63055
2005 268 425451.763055
2006 413 298838.376305
2007 300 363203.337631
2008 330 285149.833763
2009 170 96646.8833763
2010 351 570958.488338
2011 387 565323.448834
2012 918 1221198.94488
2013 325 533075.394488
2014 385 479062.739449
2015 417 438933.673945
2016 420 481280.767394
2017 343 334659.576739
2018 574 722293.857674
2019 435 329097.185767
2020 671 1458727.71858
2021 185 212739.271858
2022 370 444088.727186
2023 1036 950954.472719
2024 352 309795.247272
2025 113 48021.2247272
2026 111 42435.0224727
2027 342 238741.902247
2028 386 342857.490225
2029 609 884970.749022
2030 444 525604.474902
2031 833 2595630.24749
2032 1029 1629909.32475
2033 495 921405.732475
2034 521 1316656.37325
2035 950 1737159.73732
2036 124 197388.773732
2037 481 884050.777373
2038 414 1032170.77774
2039 306 382182.077774
2040 482 996613.207777
2041 158 144013.820778
2042 240 219844.082078
2043 1103 2812897.20821
2044 690 1769082.92082
2045 559 1024447.69208
2046 345 475412.169208
2047 924 1042366.51692
2048 728 673035.151692
2049 324 433124.215169
2050 911 1286342.42152
2051 662 2135121.74215
2052 1684 6369487.67422
2053 149 699497.567422
2054 745 1118308.35674
2055 359 552257.535674
2056 402 422502.053567
2057 1052 1999796.70536
2058 458 926575.070536
2059 342 330755.707054
2060 645 1394185.67071
2061 1244 1346722.66707
2062 636 788191.066707
2063 255 173513.606671
2064 131 40124.9606671
2065 228 169386.696067
2066 146 113643.069607
2067 145 73780.8069607
2068 78 13853.7806961
2069 557 745591.77807
2070 315 326781.377807
2071 958 1607331.53778
2072 552 1098312.25378
2073 1000 2098004.92538
2074 72 215804.192538
2075 519 321457.719254
2076 693 588294.971925
2077 898 1746310.69719
2078 520 658787.969719
2079 149 108291.096972
2080 178 140510.609697
2081 383 602404.56097
2082 574 887814.956097
2083 584 795574.59561
2084 422 488695.859561
2085 259 345475.985956
2086 31 34678.8985956
2087 545 474038.38986
2088 653 516499.738986
2089 146 158470.173899
2090 530 721229.21739
2091 557 578890.121739
2092 984 2099376.81217
2093 169 257498.181217
2094 288 218900.018122
2095 235 128489.901812
2096 448 414565.190181
2097 616 1166818.21902
2098 195 245185.721902
2099 535 573702.77219
2100 391 554145.177219
2101 161 100201.417722
2102 745 2833277.44177
2103 155 342605.544177
2104 921 1251071.15442
2105 419 678716.315442
2106 672 1078815.43154
2107 900 2665122.84315
2108 737 786595.884315
2109 1189 1628580.18843
2110 457 788914.818843
2111 160 151715.681884
2112 504 795175.868188
2113 707 833040.186819
2114 972 2253402.11868
2115 1181 1651036.91187
2116 289 321963.991187
2117 106 57289.4991187
2118 189 219663.649912
2119 360 243576.264991
2120 1035 2813717.3265
2121 129 344798.43265
2122 322 505297.343265
2123 427 348329.534326
2124 191 72437.9534326
2125 309 271730.195343
2126 366 195698.019534
2127 587 624662.001953
2128 443 378412.600195
2129 348 306178.86002
2130 399 264160.386002
2131 221 113281.9386
2132 446 446979.19386
2133 315 151440.919386
2134 782 1577126.19194
2135 328 487105.019194
2136 226 367128.901919
2137 457 1571475.99019
2138 549 816439.699019
2139 490 609874.669902
2140 112 80819.3669902
2141 475 260429.736699
2142 538 427720.57367
2143 369 577241.057367
2144 294 101453.405737
2145 623 651162.440574
2146 69 69345.4440574
2147 83 30695.2444057
2148 463 1296062.92444
2149 437 1432837.69244
2150 452 498129.769244
2151 431 235577.876924
2152 869 1822756.08769
2153 281 380034.308769
2154 594 1646270.33088
2155 345 347569.433088
2156 428 406624.943309
2157 830 2125698.79433
2158 475 761442.779433
2159 401 378569.477943
2160 268 156870.947794
2161 418 444553.494779
2162 327 363794.749478
2163 457 552107.474948
2164 152 94909.0474948
2165 766 536805.304749
2166 680 1845932.93047
2167 53 186371.893047
2168 1150 3128843.0893
2169 321 891794.70893
2170 635 1065959.67089
2171 364 332715.067089
2172 160 99456.1067089
2173 398 355188.210671
2174 286 273688.021067
2175 881 1629475.20211
2176 391 380317.520211
2177 122 65536.4520211
2178 618 731746.545202
2179 624 766946.05452
2180 532 527834.005452
2181 794 1085172.70055
2182 547 840704.870055
2183 176 137718.587005
2184 486 410732.958701
2185 261 270298.49587
2186 125 67608.649587
2187 1328 5508229.36496
2188 746 2415077.9365
2189 876 1794604.69365
2190 293 601164.769365
2191 441 508797.876936
2192 730 1401503.68769
2193 458 580035.268769
2194 920 1422240.72688
2195 761 1698261.27269
2196 276 355727.427269
2197 530 790905.242727
2198 760 470409.224273
2199 374 390490.222427
2200 684 1215093.32224
2201 265 418765.232224
2202 216 170675.223222
2203 303 158667.922322
2204 334 172859.992232
2205 315 354496.699223
2206 441 1246672.96992
2207 902 2865436.59699
2208 515 1036555.1597
2209 254 207903.71597
2210 575 574278.471597
2211 92 73018.1471597
2212 523 678057.514716
2213 524 397101.751472
2214 515 878816.175147
2215 439 555960.917515
2216 304 250595.091751
2217 878 1107083.60918
2218 383 454081.660918
2219 631 1091221.26609
2220 457 697915.826609
2221 91 104072.982661
2222 711 1972908.19827
2223 535 1136907.51983
2224 485 815055.251983
2225 524 377302.625198
2226 345 331160.06252
2227 1292 3053676.00625
2228 524 893052.800625
2229 340 465680.380063
2230 155 169920.238006
2231 434 1409543.5238
2232 514 524534.25238
2233 1500 4059219.02524
2234 261 497918.602524
2235 867 3464214.76025
2236 448 834535.776025
2237 656 927494.477603
2238 795 778302.74776
2239 319 161500.974776
2240 1072 2120958.59748
2241 420 367567.759748
2242 617 974866.275975
2243 639 1955420.1276
2244 328 715725.11276
2245 78 77032.111276
2246 1101 1974827.61113
2247 894 3896887.06111
2248 405 956157.306111
2249 658 3225874.83061
2250 210 401345.683061
2251 1019 2094518.66831
2252 159 279655.066831
2253 262 300552.806683
2254 307 401464.780668
2255 194 291922.878067
2256 1777 8657626.78781
2257 351 1145341.97878
2258 696 813727.197878
2259 151 120711.619788
2260 243 131088.261979
2261 536 765417.926198
2262 142 129730.29262
2263 109 49404.129262
2264 108 14852.2129262
2265 397 556084.821293
2266 236 131423.282129
2267 749 1070367.22821
2268 595 928821.122821
2269 660 961299.712282
2270 162 166205.271228
2271 528 583056.627123
2272 245 477431.862712
2273 265 286636.286271
2274 610 1225448.92863
2275 240 241141.892863
2276 572 606190.489286
2277 614 375250.648929
2278 128 96141.9648929
2279 462 817653.896489
2280 113 111244.289649
2281 281 378133.028965
2282 316 248205.402896
2283 243 181944.64029
2284 307 262320.664029
2285 557 563965.666403
2286 422 437406.06664
2287 709 1651802.10666
2288 178 228673.210666
2289 789 858506.421067
2290 167 153220.242107
2291 141 77705.7242107
2292 245 173663.372421
2293 938 1857456.53724
2294 339 580269.453724
2295 290 291610.845372
2296 750 1086515.18454
2297 890 1594590.21845
2298 356 443677.221845
2299 505 363948.722185
2300 705 1132030.87222
2301 358 895667.987222
2302 900 459687.098722
2303 470 1020153.10987
2304 370 462177.110987
2305 727 884273.611099
2306 144 137425.56111
2307 355 220365.756111
2308 199 181455.175611
2309 350 144825.017561
2310 141 48042.5017561
2311 1350 4552694.85018
2312 332 643361.785018
2313 860 1233438.8785
2314 609 1143566.78785
2315 331 508485.278785
2316 1055 2023233.62788
2317 804 1528565.06279
2318 754 1935053.20628
2319 498 646301.620628
2320 341 340179.762063
2321 262 171473.676206
2322 729 876183.767621
2323 591 904522.476762
2324 375 459735.847676
2325 189 88535.3847676
2326 249 246481.138477
2327 460 342803.213848
2328 466 501261.221385
2329 142 88410.6221385
2330 546 935785.962214
2331 156 117549.196221
2332 830 850774.019622
2333 456 565159.401962
2334 75 61609.1401962
2335 1006 2232689.61402
2336 977 1487970.0614
2337 136 166089.90614
2338 272 340464.190614
2339 128 53827.2190614
2340 420 431928.321906
2341 310 168156.032191
2342 466 860608.203219
2343 691 875626.220322
2344 262 195648.422032
2345 152 60186.3422032
2346 102 23712.9342203
2347 515 1046679.49342
2348 894 2569927.34934
2349 684 1375817.33493
2350 661 933734.233493
2351 534 490811.423349
2352 537 1611076.64233
2353 300 434336.464233
2354 289 345922.146423
2355 64 37152.2146423
2356 768 754138.821464
2357 307 504373.882146
2358 279 186803.588215
2359 657 501189.658821
2360 528 312968.165882
2361 311 164329.016588
2362 425 265829.301659
2363 414 293965.730166
2364 340 417788.373017
2365 104 52552.3373017
2366 320 330712.93373
2367 1228 2707336.79337
2368 409 706548.179337
2369 458 604419.617934
2370 469 1458789.56179
2371 609 983605.456179
2372 424 847402.345618
2373 752 855297.434562
2374 580 521069.443456
2375 821 1298300.74435
2376 24 130276.174435
2377 578 275265.117443
2378 399 346395.611744
2379 323 212242.361174
2380 430 530102.636117
2381 996 1921919.96361
2382 554 907820.096361
2383 368 624075.309636
2384 163 132384.130964
2385 269 254639.713096
2386 381 311607.97131
2387 423 460716.497131
2388 1416 8344309.34971
2389 316 1027828.23497
2390 465 345225.323497
2391 406 365837.13235
2392 552 786603.013235
2393 1288 1263984.20132
2394 1170 1355580.92013
2395 663 858090.492013
2396 1002 3260674.1492
2397 957 2306643.41492
2398 704 1305147.34149
2399 875 951654.434149
2400 173 148606.643415
2401 657 2290631.16434
2402 541 1659876.01643
2403 689 931741.001643
2404 303 714884.900164
2405 810 1076114.59002
2406 165 268935.559002
2407 266 358337.6559
2408 337 171675.66559
2409 357 282642.466559
2410 1220 2876091.54666
2411 613 2150763.75467
2412 396 556491.375467
2413 663 895417.637547
2414 265 535890.663755
2415 59 56631.1663755
2416 481 641408.116638
2417 561 761295.711664
2418 622 1133468.07117
2419 99 134743.307117
2420 975 866817.230712
2421 516 1281992.02307
2422 221 324457.602307
2423 505 702599.260231
2424 597 735828.026023
2425 233 284589.502602
2426 474 919027.15026
2427 612 2566631.81503
2428 627 1546789.6815
2429 237 256042.86815
2430 481 424019.286815
2431 368 295230.128682
2432 568 712854.812868
2433 1569 2890683.18129
2434 528 587314.218129
2435 37 59417.2218129
2436 646 314374.222181
2437 1048 2232601.82222
2438 155 312766.482222
2439 340 212895.848222
2440 63 27692.2848222
2441 846 1103897.92848
2442 260 190628.792848
2443 1017 1758985.57928
2444 177 229977.257928
2445 330 212177.225793
2446 852 2070152.62258
2447 404 1043164.86226
2448 249 294783.886226
2449 680 1059786.68862
2450 743 773822.268862
2451 198 200033.126886
2452 431 407875.012689
2453 227 174485.401269
2454 262 117643.340127
2455 208 254623.834013
2456 325 197115.483401
2457 366 490398.84834
2458 353 445585.884834
2459 880 1636552.18848
2460 692 1359864.31885
2461 959 2452160.43188
2462 1225 2653955.74319
2463 642 1085342.67432
2464 144 180273.867432
2465 448 456984.986743
2466 302 173817.198674
2467 138 44080.4198674
2468 358 360868.541987
2469 655 578290.854199
2470 214 98356.3854199
2471 655 1062087.23854
2472 482 669470.123854
2473 612 2362866.81239
2474 552 852946.681239
2475 305 390664.368124
2476 732 768456.036812
2477 232 240458.303681
2478 231 107477.130368
2479 459 779935.313037
2480 84 117770.631304
2481 430 850820.26313
2482 522 583692.626313
2483 292 237038.162631
2484 781 1443757.71626
2485 291 270811.971626
2486 426 566119.597163
2487 262 310141.559716
2488 273 281230.455972
2489 567 514176.145597
2490 47 53274.8145597
2491 89 14884.981456
2492 349 247157.298146
2493 733 1417720.52981
2494 716 980588.652981
2495 160 268028.965298
2496 664 710753.59653
2497 147 179198.759653
2498 582 1176498.27597
2499 648 684593.727597
