0 550 327159.4
1 1109 1588941.74
2 721 1432184.674
3 389 462613.9674
4 405 244793.79674
5 2489 8766669.67967
6 1554 4743388.36797
7 667 1052808.2368
8 274 141888.02368
9 1243 1247485.80237
10 1745 3817327.08024
11 296 550205.908024
12 414 314149.490802
13 721 638271.44908
14 1306 2749156.54491
15 294 349806.754491
16 424 589608.275449
17 1191 1954674.82754
18 1118 2403064.68275
19 302 396640.368275
20 453 328941.136828
21 664 454179.013683
22 483 192652.601368
23 439 168448.560137
24 1029 1051242.45601
25 1158 1051692.9456
26 985 1218542.89456
27 629 730157.889456
28 704 671739.288946
29 447 754562.428895
30 859 668840.842889
31 964 795936.084289
32 296 377561.908429
33 685 678802.990843
34 641 403847.799084
35 455 366231.179908
36 799 565369.817991
37 475 304898.781799
38 332 410864.57818
39 907 587261.057818
40 655 449595.905782
41 590 496259.690578
42 346 153495.469058
43 537 328238.546906
44 1179 608998.954691
45 452 347462.495469
46 474 179989.849547
47 821 1951409.08495
48 798 1832587.1085
49 729 868674.11085
50 959 971472.711085
51 678 585684.671108
52 240 176261.867111
53 369 134346.286711
54 399 179539.328671
55 1009 1352732.33287
56 474 358071.033287
57 1027 2051898.00333
58 797 725383.000333
59 503 421708.800033
60 1416 2365312.68
61 697 539624.168
62 398 190864.6168
63 541 447299.76168
64 413 318245.876168
65 210 101628.287617
66 623 147595.228762
67 479 536259.122876
68 906 663214.312288
69 777 313828.331229
70 643 219773.633123
71 531 174899.463312
72 717 478738.246331
73 837 708360.924633
74 768 1083153.19246
75 607 402201.019246
76 494 228434.401925
77 623 507013.540192
78 553 380997.354019
79 529 297578.935402
80 552 291684.69354
81 471 450440.169354
82 571 234971.116935
83 1180 949467.211694
84 576 182623.721169
85 606 370827.472117
86 652 325766.147212
87 838 2064185.31472
88 637 692733.731472
89 568 257825.473147
90 681 733441.747315
91 672 622244.274731
92 506 365613.627473
93 635 626163.362747
94 919 1650167.03627
95 357 299853.703627
96 471 173923.870363
97 445 178616.087036
98 458 447641.208704
99 1107 1937131.12087
100 357 296666.212087
101 582 293936.121209
102 653 516286.812121
103 299 196665.281212
104 346 697075.928121
105 605 565547.592812
106 453 214563.859281
107 614 573324.685928
108 458 253897.468593
109 576 180175.646859
110 571 1187321.96469
111 400 414176.496469
112 815 517627.349647
113 388 267783.734965
114 530 171056.173496
115 431 111920.01735
116 412 154303.701735
117 544 262610.570173
118 642 569110.857017
119 497 341225.785702
120 499 250959.77857
121 583 150790.577857
122 591 303653.357786
123 682 366882.435779
124 390 474754.843578
125 236 82489.4843578
126 365 214109.848436
127 652 744991.984844
128 514 536744.598484
129 527 324351.959848
130 327 84312.4959848
131 405 103193.949598
132 259 54113.4949598
133 1014 1278404.8495
134 425 413628.28495
135 599 463146.128495
136 385 253770.912849
137 284 141737.891285
138 805 570287.289128
139 549 325796.328913
140 312 152823.032891
141 606 296982.603289
142 240 116604.260329
143 718 443634.226033
144 494 253144.622603
145 731 423969.86226
146 429 195959.586226
147 496 168442.658623
148 356 194330.465862
149 849 1181152.94659
150 479 291311.194659
151 446 407659.619466
152 796 724540.061947
153 356 228165.106195
154 326 139973.110619
155 442 300018.111062
156 667 267515.911106
157 546 571671.591111
158 260 102770.059111
159 863 474208.005911
160 395 164537.900591
161 383 93585.5900591
162 246 75508.4590059
163 446 125451.845901
164 362 92973.5845901
165 305 178641.858459
166 561 335836.185846
167 505 103015.818585
168 199 54153.1818585
169 340 105771.518186
170 428 168241.451819
171 395 150686.645182
172 729 462780.064518
173 679 499997.706452
174 269 133203.370645
175 732 897507.337065
176 457 259372.933706
177 462 654070.293371
178 519 774994.829337
179 472 198369.182934
180 669 228652.018293
181 435 216831.301829
182 379 260985.130183
183 820 397511.113018
184 471 178751.611302
185 513 190569.56113
186 463 236759.556113
187 404 210418.255611
188 319 101847.525561
189 322 167784.252556
190 588 153549.325256
191 561 251555.432526
192 692 607762.143253
193 444 234152.714325
194 503 121269.371433
195 351 53201.4371433
196 427 122627.343714
197 512 84231.1343714
198 774 285372.013437
199 262 102049.301344
200 341 87924.4301344
201 613 212324.343013
202 274 161975.334301
203 577 225832.73343
204 440 194725.973343
205 414 338066.497334
206 416 343001.449733
207 505 193620.944973
208 571 251891.694497
209 448 422032.66945
210 527 429694.066945
211 344 154799.906694
212 515 88853.1906694
213 424 147864.319067
214 521 210077.431907
215 337 268667.843191
216 178 125170.384319
217 440 131459.838432
218 837 354318.283843
219 583 190653.228384
220 357 91414.9228384
221 455 236489.592284
222 735 596006.759228
223 484 260988.275923
224 619 190874.827592
225 368 218798.382759
226 375 136590.138276
227 265 82298.7138276
228 389 56233.7713828
229 277 90113.9771383
230 400 214566.297714
231 454 150478.229771
232 688 1308046.82298
233 94 140011.282298
234 372 125156.92823
235 447 184620.892823
236 771 735297.289282
237 556 250108.228928
238 482 214095.522893
239 937 709654.452289
240 372 157398.945229
241 251 63967.6945229
242 743 1025361.56945
243 339 229579.956945
244 355 124526.095695
245 382 224149.009569
246 416 155939.700957
247 482 294458.470096
248 429 177301.74701
249 529 554066.674701
250 393 294386.76747
251 390 162913.776747
252 466 184419.477675
253 311 73560.6477675
254 747 480447.264777
255 273 174668.026478
256 396 287441.302648
257 243 67934.4302648
258 345 178173.243026
259 488 133924.224303
260 268 66881.8224303
261 374 239971.482243
262 299 114715.848224
263 258 57368.3848224
264 594 272448.838482
265 555 171099.783848
266 442 189843.678385
267 470 253203.867838
268 291 82290.4867838
269 335 146534.848678
270 191 80950.4848678
271 269 65260.8484868
272 652 94134.7848487
273 403 157413.178485
274 496 541332.817848
275 320 147821.881785
276 594 459038.788178
277 543 248270.378818
278 289 120093.437882
279 296 47165.9437882
280 460 84002.2943788
281 417 174513.229438
282 325 86293.1229438
283 735 436128.612294
284 537 517165.661229
285 325 102453.066123
286 269 124254.806612
287 150 41152.4806612
288 195 70165.6480661
289 368 109960.864807
290 499 157669.386481
291 557 374624.238648
292 491 170329.323865
293 364 69730.0323865
294 274 151075.603239
295 432 102990.260324
296 236 87890.6260324
297 345 89312.4626032
298 541 182263.34626
299 418 194101.334626
300 249 95543.9334626
301 314 62768.1933463
302 339 109274.919335
303 390 228009.491933
304 345 111422.849193
305 152 31435.0849193
306 511 255803.908492
307 420 179773.990849
308 658 515961.199085
309 542 256130.919908
310 485 174783.991991
311 383 178057.899199
312 271 83130.6899199
313 458 225780.568992
314 354 116415.256899
315 516 163498.12569
316 370 94816.012569
317 523 125425.901257
318 286 49096.7901257
319 409 101066.579013
320 234 76118.7579013
321 417 21267.6757901
322 355 65291.367579
323 278 65747.4367579
324 492 184932.243676
325 481 484647.624368
326 265 141594.862437
327 329 116435.886244
328 380 177467.788624
329 283 93944.0788624
330 446 173631.707886
331 318 41507.1707886
332 424 214431.417079
333 544 308734.041708
334 326 71329.3041708
335 357 97771.8304171
336 369 96675.3830417
337 467 121042.538304
338 630 219684.65383
339 375 84479.365383
340 332 137795.436538
341 438 121649.643654
342 455 115541.964365
343 572 114936.996437
344 352 120419.799644
345 333 133198.679964
346 437 152092.967996
347 487 542473.4968
348 320 109406.64968
349 271 69257.464968
350 242 15529.3464968
351 252 37621.6346497
352 609 267686.163465
353 498 274391.516346
354 341 126653.351635
355 186 60038.5351635
356 755 337041.553516
357 419 107635.655352
358 460 121995.165535
359 186 39114.1165535
360 433 226939.911655
361 309 109573.291166
362 683 175840.929117
363 302 59089.7929117
364 583 268552.579291
365 626 198562.657929
366 352 155780.365793
367 202 57017.1365793
368 418 141453.213658
369 365 200304.221366
370 355 112130.522137
371 513 238973.852214
372 298 57224.9852214
373 339 69772.0985221
374 574 306351.009852
375 253 144377.000985
376 478 387626.400099
377 495 168625.04001
378 260 68782.404001
379 187 46975.0404001
380 320 130154.80404
381 607 693258.580404
382 291 155994.75804
383 734 130146.975804
384 219 25838.3975804
385 368 57696.739758
386 356 208590.273976
387 401 98755.9273976
388 301 50078.1927398
389 437 124649.819274
390 391 199947.481927
391 420 146608.448193
392 238 60872.2448193
393 740 335460.624482
394 135 46666.9624482
395 395 131220.396245
396 385 95076.8396245
397 173 32126.0839624
398 118 18602.5083962
399 382 104179.65084
400 295 112845.665084
401 117 23465.8665084
402 445 72190.2866508
403 207 51385.3286651
404 261 75802.3328665
405 512 291020.833287
406 633 203735.783329
407 358 108339.678333
408 250 72360.0678333
409 294 77418.3067833
410 208 36593.1306783
411 278 192882.013068
412 358 144856.801307
413 357 47062.5801307
414 244 44529.1580131
415 280 47840.3158013
416 357 135338.93158
417 334 143141.493158
418 304 100465.949316
419 288 86888.7949316
420 338 142151.379493
421 437 140775.537949
422 149 33056.2537949
423 282 56676.4253795
424 272 52878.8425379
425 170 50147.8842538
426 375 117172.188425
427 496 154300.618843
428 346 137086.561884
429 170 54166.1561884
430 438 219998.915619
431 220 96571.5915619
432 445 106578.559156
433 422 83183.5559156
434 285 109759.555592
435 276 64873.8555592
436 469 168149.885556
437 282 79939.6885556
438 405 67597.5688556
439 460 161065.056886
440 405 193282.405689
441 227 117467.540569
442 501 228356.654057
443 388 232652.965406
444 182 68486.2965406
445 425 95871.1296541
446 439 557412.112965
447 323 151001.811297
448 192 43500.0811297
449 211 90014.208113
450 373 102035.220811
451 586 341621.722081
452 124 47031.0722081
453 718 567036.007221
454 242 95464.6007221
455 267 81091.3600722
456 204 57326.9360072
457 526 336301.993601
458 431 194469.29936
459 430 168848.929936
460 400 106685.492994
461 265 176299.549299
462 114 30851.0549299
463 326 45737.005493
464 203 77975.3005493
465 366 168573.330055
466 471 175963.433005
467 267 99782.9433005
468 447 53607.4943301
469 366 175006.649433
470 356 94155.1649433
471 399 181441.616494
472 565 391559.461649
473 236 76602.2461649
474 502 230788.824616
475 353 116831.682462
476 337 218555.668246
477 404 73116.3668246
478 413 191058.036682
479 468 130233.203668
480 320 113430.820367
481 206 26752.2820367
482 444 98203.7282037
483 383 104010.97282
484 455 166917.697282
485 299 82624.0697282
486 573 206159.106973
487 420 61803.7106973
488 257 100722.37107
489 195 47410.737107
490 363 247802.873711
491 344 88539.0873711
492 304 144240.108737
493 319 77859.1108737
494 252 26258.5110874
495 385 165243.551109
496 339 105093.555111
497 373 136141.055511
498 403 86861.3055511
499 168 40972.0305551
500 467 111476.903056
501 254 88837.4903056
502 367 165478.549031
503 272 103191.054903
504 326 109132.60549
505 353 110329.360549
506 414 109124.936055
507 422 80289.4936055
508 214 80929.7493605
509 327 85758.8749361
510 360 81724.4874936
511 434 201815.648749
512 421 201841.364875
513 262 130434.136487
514 434 174938.213649
515 254 72974.4213649
516 216 123943.542136
517 462 92192.3542136
518 338 76245.5354214
519 385 145635.853542
520 125 25866.9853542
521 229 49317.7985354
522 419 435816.079854
523 386 252891.907985
524 328 83474.8907985
525 251 131968.28908
526 269 76981.028908
527 409 81034.3028908
528 380 152458.330289
529 275 59396.9330289
530 301 288898.393303
531 388 390289.83933
532 294 110483.783933
533 204 32362.8783933
534 447 178105.187839
535 392 428302.818784
536 284 120250.181878
537 408 101009.518188
538 409 210342.651819
539 312 146782.265182
540 340 62174.9265182
541 293 136614.892652
542 267 68374.0892652
543 325 109229.708927
544 239 89793.5708927
545 213 57974.8570893
546 534 127965.085709
547 559 253387.908571
548 396 139246.590857
549 125 37463.4590857
550 400 194816.345909
551 116 27630.6345909
552 358 113196.363459
553 440 256936.336346
554 422 165154.833635
555 245 66768.2833635
556 140 16492.0283363
557 494 306555.802834
558 382 168477.980283
559 482 208956.498028
560 179 40355.2498028
561 278 111619.92498
562 287 141055.592498
563 413 298143.45925
564 386 244260.545925
565 270 112477.754592
566 456 310979.975459
567 315 51760.7975459
568 171 41598.6797546
569 438 91928.4679755
570 372 72420.8467975
571 362 64189.9846798
572 206 61136.698468
573 497 132898.969847
574 301 70805.1969847
575 334 62824.8196985
576 146 18916.2819698
577 184 22837.328197
578 409 183282.43282
579 188 48615.843282
580 453 176954.084328
581 364 97349.5084328
582 451 397123.750843
583 307 134320.675084
584 603 378030.767508
585 300 96621.8767508
586 334 45148.4876751
587 467 78345.7487675
588 381 75105.9748768
589 247 79400.6974877
590 330 67464.2697488
591 461 332996.326975
592 224 85442.6326975
593 129 30018.0632697
594 462 100458.306327
595 580 194512.630633
596 317 74642.9630633
597 217 29548.1963063
598 246 102507.919631
599 365 90061.7919631
600 541 121236.279196
601 259 63542.7279196
602 210 50164.872792
603 338 55708.8872792
604 441 150405.888728
605 168 66796.3888728
606 516 125903.938887
607 269 170605.893889
608 414 74762.1893889
609 188 23479.5189389
610 374 75324.1518939
611 256 141069.115189
612 332 110572.311519
613 288 135111.531152
614 289 111707.853115
615 189 42440.1853115
616 275 112279.118531
617 154 30548.9118531
618 287 80434.3911853
619 398 158249.139119
620 133 22485.5139119
621 356 157474.651391
622 363 146559.865139
623 363 111436.386514
624 291 151284.038651
625 349 53595.3038651
626 75 12904.7303865
627 467 79601.0730387
628 225 75292.7073039
629 251 63477.0707304
630 290 94042.907073
631 283 48246.2907073
632 608 506119.229071
633 325 100294.522907
634 213 146197.352291
635 298 108012.935229
636 367 187756.993523
637 308 79061.2993523
638 356 175249.829935
639 386 114990.382994
640 279 82737.8382994
641 287 55495.8838299
642 399 113741.288383
643 167 56048.6288383
644 468 179168.662884
645 252 71510.9662884
646 389 120707.396629
647 204 117653.339663
648 211 43310.5339663
649 374 126446.953397
650 336 110491.09534
651 450 159574.309534
652 308 101935.930953
653 278 49184.0930953
654 221 47985.1093095
655 324 71511.010931
656 272 112060.101093
657 382 172991.410109
658 330 114917.741011
659 348 223563.474101
660 284 85659.7474101
661 333 38671.774741
662 249 106166.877474
663 216 46237.6877474
664 240 35556.5687747
665 210 41484.3568775
666 310 73645.0356877
667 503 254730.703569
668 327 92037.7703569
669 358 107974.677036
670 369 96793.7677036
671 190 47080.8767704
672 298 90915.987677
673 145 33690.3987677
674 285 103734.739877
675 381 135437.273988
676 399 80113.2273988
677 328 34510.0227399
678 243 34162.502274
679 416 118456.150227
680 345 57413.7150227
681 351 88608.3715023
682 245 56787.9371502
683 366 100152.093715
684 292 105463.709372
685 309 93354.9709372
686 234 47210.5970937
687 314 107144.259709
688 253 187691.025971
689 278 96400.6025971
690 328 74806.7602597
691 308 97571.776026
692 289 92958.8776026
693 333 61632.6877603
694 252 62364.468776
695 321 72690.5468776
696 230 35725.5546878
697 216 38886.2554688
698 306 97442.0255469
699 305 57047.1025547
700 314 83115.3102555
701 351 34423.0310255
702 184 56412.1031026
703 162 43907.2103103
704 184 72226.721031
705 532 127075.872103
706 239 62120.9872103
707 264 38519.798721
708 303 86128.0798721
709 234 43249.9079872
710 261 73168.8907987
711 274 43363.7890799
712 493 123861.178908
713 261 125980.217891
714 191 68713.6217891
715 317 61436.7621789
716 311 110965.376218
717 190 29966.6376218
718 403 230404.463762
719 287 196595.946376
720 229 61900.6946376
721 271 70127.0694638
722 285 103536.806946
723 125 19329.9806946
724 254 90519.7980695
725 308 80523.9798069
726 282 97835.5979807
727 348 63830.1597981
728 217 27254.4159798
729 305 86059.841598
730 549 259346.38416
731 309 69775.538416
732 390 52400.6538416
733 282 44820.4653842
734 366 95112.6465384
735 381 65094.6646538
736 309 58017.0664654
737 260 70663.9066465
738 134 16142.8906647
739 344 81208.4890665
740 394 74086.4489066
741 193 49353.4448907
742 221 33561.1444891
743 268 35408.3144489
744 220 67987.9314449
745 242 70125.7931445
746 395 100330.779314
747 205 62024.9779314
748 202 37978.7977931
749 297 55000.8797793
750 293 65444.2879779
751 243 57016.4287978
752 324 129182.64288
753 226 71617.364288
754 191 64174.9364288
755 84 11729.1936429
756 250 33817.3193643
757 237 37739.1319364
758 113 15782.1131936
759 367 91448.5113194
760 190 40367.3511319
761 344 85509.3351132
762 242 63421.0335113
763 243 35247.5033511
764 402 161418.150335
765 275 46394.9150335
766 258 32173.4915034
767 196 52311.1491503
768 334 66269.614915
769 156 18111.8614915
770 253 57356.0861492
771 335 166216.008615
772 179 29733.4008615
773 297 93307.8400861
774 199 54677.2840086
775 374 138205.428401
776 279 54850.3428401
777 262 25852.434284
778 313 32230.5434284
779 193 47124.6543428
780 337 156498.965434
781 104 28835.9965434
782 267 36765.5996543
783 264 35657.6599654
784 359 269077.365997
785 218 60722.0365997
786 309 56575.40366
787 281 77905.740366
788 177 52368.4740366
789 331 72110.0474037
790 275 65460.7047404
791 224 73077.370474
792 321 50992.2370474
793 234 77791.6237047
794 337 79415.6623705
795 255 92073.466237
796 267 82525.0466237
797 210 55428.2046624
798 252 63062.8204662
799 354 193525.182047
800 397 114089.318205
801 264 86789.4318205
802 449 118110.443182
803 224 67354.7443182
804 322 72238.2744318
805 294 60597.3274432
806 184 45406.1327443
807 244 35310.2132744
808 286 88410.5213274
809 200 51059.9521327
810 183 27402.0952133
811 338 40810.9095213
812 203 66940.4909521
813 215 29722.0490952
814 265 34355.8049095
815 165 52443.780491
816 309 49885.7780491
817 197 28038.5778049
818 279 43441.8577805
819 99 15294.185778
820 147 11852.0185778
821 347 87754.5018578
822 300 81745.2501858
823 352 62529.6250186
824 196 29183.8625019
825 247 36064.8862502
826 365 86139.188625
827 399 96343.0188625
828 137 27223.2018863
829 126 39955.7201886
830 310 66139.9720189
831 230 38333.3972019
832 306 25064.1397202
833 160 25119.613972
834 409 173181.861397
835 265 77799.3861397
836 261 42183.538614
837 282 52455.9538614
838 197 40175.1953861
839 253 64763.1195386
840 304 68253.5119539
841 176 25761.9511954
842 250 83224.5951195
843 223 36607.459512
844 432 137327.445951
845 251 69160.6445951
846 171 38223.7644595
847 230 45700.676446
848 215 84226.7676446
849 234 75212.3767645
850 150 41084.2376764
851 156 22340.2237676
852 153 34728.4223768
853 258 74983.2422377
854 258 55991.5242238
855 355 115450.052422
856 308 97344.4052422
857 196 30426.0405242
858 292 57972.0040524
859 435 144990.800405
860 182 27235.1800405
861 223 33095.0180041
862 294 81885.6018004
863 283 35266.96018
864 91 9370.596018
865 220 74359.5596018
866 282 82212.1559602
867 187 43777.015596
868 263 49907.6015596
869 318 91849.060156
870 265 32883.1060156
871 316 97536.4106016
872 250 44803.0410602
873 380 40994.104106
874 355 69951.1104106
875 285 71297.0110411
876 177 39652.7011041
877 171 19291.1701104
878 280 67845.317011
879 375 125366.631701
880 356 55611.4631701
881 178 35269.246317
882 312 61135.7246317
883 223 64032.7724632
884 390 101623.977246
885 298 39325.3977246
886 281 29900.2397725
887 359 64868.8239772
888 325 72100.0823977
889 243 33429.2082398
890 295 56656.820824
891 282 43689.3820824
892 314 69035.5382082
893 231 47856.8538208
894 343 46246.0853821
895 186 44670.8085382
896 288 45395.2808538
897 366 130681.428085
898 277 75702.4428085
899 235 69946.0442809
900 265 178489.004428
901 188 38939.4004428
902 147 10271.1400443
903 181 22273.5140044
904 245 36636.9514004
905 312 45783.69514
906 217 81528.169514
907 342 96618.9169514
908 390 57143.2916951
909 233 34618.2291695
910 334 138208.022917
911 261 70802.3022917
912 227 200767.630229
913 243 83131.4630229
914 195 48085.1463023
915 149 22850.4146302
916 215 70780.341463
917 308 61066.1341463
918 342 141560.113415
919 351 100635.611341
920 211 35006.7611341
921 236 164707.076113
922 195 37591.6076113
923 329 69261.5607611
924 150 40927.2560761
925 333 55061.5256076
926 297 36139.0525608
927 278 97783.9052561
928 171 36946.9905256
929 176 27217.7990526
930 324 90104.7799053
931 288 61342.8779905
932 104 9225.28779905
933 228 21843.4287799
934 269 71756.242878
935 242 67802.6242878
936 469 328811.062429
937 193 58665.1062429
938 423 122271.610624
939 235 105153.361062
940 143 33104.2361062
941 265 59849.8236106
942 358 62067.2823611
943 220 40063.6282361
944 227 89989.5628236
945 254 39006.8562824
946 229 49732.5856282
947 304 80166.3585628
948 240 29403.4358563
949 161 21572.2435856
950 259 24290.7243586
951 280 36313.4724359
952 194 58044.0472436
953 327 125956.004724
954 274 36175.0004724
955 190 27623.6000472
956 385 178396.760005
957 278 104812.476
958 291 54029.5476
959 396 22965.75476
960 185 30421.575476
961 248 61810.2575476
962 212 33008.9257548
963 250 58217.0925755
964 205 29809.1092575
965 279 91701.7109258
966 141 42774.2710926
967 195 27420.8271093
968 155 20948.0827109
969 150 17450.2082711
970 273 55583.0208271
971 220 47386.0020827
972 315 55490.0002083
973 286 69917.8000208
974 203 29364.7800021
975 237 104610.178
976 263 58183.0178
977 187 27358.60178
978 126 29108.760178
979 303 76089.6760178
980 197 56193.2676018
981 245 69360.5267602
982 333 60193.152676
983 278 37288.6152676
984 186 18176.2615268
985 245 80860.5261527
986 256 69079.8526153
987 311 73416.2852615
988 230 50074.1285262
989 131 17073.4128526
990 239 35014.1412853
991 216 49511.7141285
992 387 135821.771413
993 351 85558.9771413
994 251 55223.0977141
995 266 53452.8097714
996 299 69923.7809771
997 346 78426.3780977
998 206 27020.8378098
999 241 49795.383781
1000 122 22805.1383781
1001 217 59696.4138378
1002 342 136036.841384
1003 257 60641.7841384
1004 311 49226.3784138
1005 289 82200.7378414
1006 286 70301.6737841
1007 352 105032.267378
1008 311 70261.2267378
1009 334 54643.5226738
1010 285 105593.852267
1011 201 38421.5852267
1012 201 31435.5585227
1013 185 40041.9558523
1014 172 73587.5955852
1015 220 41842.7595585
1016 356 19944.0759559
1017 328 72900.8075956
1018 223 30720.1807596
1019 467 91094.718076
1020 266 43335.8718076
1021 187 28547.7871808
1022 204 38809.6787181
1023 186 56805.2678718
1024 175 47635.0267872
1025 157 21376.0026787
1026 215 26079.1002679
1027 229 50815.9100268
1028 201 37092.0910027
1029 260 151297.8091
1030 237 44196.08091
1031 140 17922.208091
1032 185 29274.5208091
1033 254 46064.6520809
1034 257 26184.5652081
1035 142 32178.1565208
1036 218 21822.9156521
1037 244 80421.9915652
1038 297 87353.4991565
1039 212 49822.9499157
1040 329 157628.794992
1041 196 34069.0794992
1042 225 41476.7079499
1043 244 47758.770795
1044 180 32885.4770795
1045 157 21400.8477079
1046 229 56318.9847708
1047 227 39113.3984771
1048 273 59793.1398477
1049 255 60415.7139848
1050 341 90809.8713985
1051 293 43681.3871398
1052 178 17368.938714
1053 202 39270.5938714
1054 206 59465.4593871
1055 307 57830.6459387
1056 263 89327.2645939
1057 245 42257.6264594
1058 377 111152.362646
1059 333 140270.836265
1060 278 67657.2836265
1061 242 61591.1283626
1062 239 30732.9128363
1063 288 79480.6912836
1064 78 12952.1691284
1065 155 39573.1169128
1066 237 99668.6116913
1067 231 58242.3611691
1068 273 73756.3361169
1069 181 26445.0336117
1070 229 57093.5033612
1071 284 49290.5503361
1072 204 36241.4550336
1073 257 25593.0455034
1074 132 21249.6045503
1075 130 25182.460455
1076 203 32688.7460455
1077 158 23937.3746046
1078 289 35167.7374605
1079 180 22316.673746
1080 211 71745.1673746
1081 330 48059.0167375
1082 207 44506.2016737
1083 218 65937.5201674
1084 301 49232.0520167
1085 437 97646.6052017
1086 134 29682.6605202
1087 202 47041.666052
1088 145 30932.8666052
1089 302 136236.986661
1090 404 120088.298666
1091 209 42735.8298666
1092 219 28407.8829867
1093 261 100779.688299
1094 280 34586.8688299
1095 268 103782.186883
1096 261 52741.8186883
1097 214 23346.9818688
1098 235 41816.4981869
1099 265 158921.349819
1100 300 40990.1349819
1101 171 43778.6134982
1102 276 58517.0613498
1103 191 48180.206135
1104 289 129712.320613
1105 272 69435.0320613
1106 245 16570.9032061
1107 397 44611.0903206
1108 202 29425.2090321
1109 323 45799.3209032
1110 160 25331.3320903
1111 231 36192.233209
1112 264 63593.6233209
1113 271 71630.3623321
1114 202 36262.0362332
1115 326 44220.3036233
1116 220 48452.5303623
1117 279 41933.4530362
1118 188 28572.4453036
1119 263 76720.8445304
1120 254 26653.684453
1121 304 60029.5684453
1122 248 49532.8568445
1123 195 34833.6856845
1124 289 49309.9685684
1125 201 23265.7968568
1126 242 32715.7796857
1127 201 21075.5779686
1128 312 60271.3577969
1129 139 26023.3357797
1130 152 19025.133578
1131 305 96853.6133578
1132 133 19284.3613358
1133 294 69411.6361336
1134 223 40208.0636134
1135 207 74079.5063613
1136 267 58392.7506361
1137 227 34136.1750636
1138 298 83959.1175064
1139 344 97656.7117506
1140 233 91539.5711751
1141 242 47681.7571175
1142 201 30263.3757118
1143 192 25636.9375712
1144 350 52802.5937571
1145 199 49378.3593757
1146 349 66331.0359376
1147 204 31847.9035938
1148 131 26493.6903594
1149 227 52791.0690359
1150 181 18734.9069036
1151 291 46364.5906904
1152 206 25624.959069
1153 191 30946.7959069
1154 127 11901.0795907
1155 151 21329.7079591
1156 203 44718.9707959
1157 222 25707.7970796
1158 176 30997.779708
1159 330 101038.377971
1160 290 100802.837797
1161 113 13552.2837797
1162 303 45026.528378
1163 236 116031.352838
1164 303 50815.3352838
1165 312 115406.633528
1166 181 30582.7633528
1167 213 18578.7763353
1168 266 42681.6776335
1169 224 52859.0677634
1170 218 60731.4067763
1171 120 14885.2406776
1172 310 49559.0240678
1173 230 61640.9024068
1174 144 14630.8902407
1175 114 8429.58902407
1176 169 43379.8589024
1177 227 36287.4858902
1178 157 18824.148589
1179 182 15469.8148589
1180 277 69001.9814859
1181 261 71078.5981486
1182 154 26929.0598149
1183 298 61477.4059815
1184 150 21630.7405981
1185 202 47315.4740598
1186 116 23834.947406
1187 160 11878.0947406
1188 179 18829.5094741
1189 267 58920.8509474
1190 171 23941.6850947
1191 240 27185.3685095
1192 287 75057.1368509
1193 143 14789.1136851
1194 182 49194.8113685
1195 325 163805.381137
1196 241 48228.1381137
1197 248 55132.7138114
1198 160 29060.2713811
1199 295 36238.3271381
1200 238 35098.1327138
1201 226 31119.5132714
1202 246 24031.0513271
1203 215 22107.6051327
1204 196 31614.7605133
1205 255 32581.0760513
1206 276 45123.9076051
1207 119 19479.2907605
1208 305 102397.129076
1209 182 31670.2129076
1210 208 37758.0212908
1211 192 31809.9021291
1212 127 17684.2902129
1213 243 23856.2290213
1214 266 24996.2229021
1215 276 54018.8222902
1216 403 108160.282229
1217 275 57643.8282229
1218 261 29427.3828223
1219 203 24723.7382822
1220 271 97704.3738282
1221 220 106210.837383
1222 176 28349.9837383
1223 295 112446.998374
1224 239 41743.1998374
1225 341 58273.6199837
1226 267 73742.5619984
1227 239 38482.7561998
1228 285 81469.97562
1229 204 24918.997562
1230 242 53255.0997562
1231 339 98050.2099756
1232 144 18974.8209976
1233 245 67649.0820998
1234 182 34370.90821
1235 205 57034.890821
1236 245 29881.3890821
1237 307 50855.4389082
1238 249 49089.4438908
1239 227 24716.4443891
1240 261 13636.3444389
1241 315 172766.134444
1242 108 29014.0134444
1243 166 24240.3013444
1244 182 29450.1301344
1245 156 58944.1130134
1246 195 30021.3113013
1247 115 7073.13113013
1248 273 58435.613113
1249 263 80544.0613113
1250 264 56598.0061311
1251 283 41986.7006131
1252 152 17343.4700613
1253 311 143435.147006
1254 299 38840.9147006
1255 261 47053.6914701
1256 186 33808.369147
1257 246 78711.8369147
1258 85 18517.5836915
1259 249 39870.8583691
1260 197 39918.1858369
1261 244 28121.1185837
1262 212 50589.9118584
1263 206 45044.3911858
1264 381 88010.8391186
1265 414 169859.583912
1266 247 74426.7583912
1267 205 41160.5758391
1268 353 56405.7575839
1269 184 34435.9757584
1270 274 54782.7975758
1271 257 62035.6797576
1272 338 65384.1679758
1273 220 49387.2167976
1274 189 34503.6216798
1275 86 7898.26216798
1276 148 11741.5262168
1277 208 54063.6526217
1278 167 27244.6652622
1279 254 32519.1665262
1280 130 12508.9166526
1281 200 23672.7916653
1282 180 26761.7791665
1283 280 63175.8779167
1284 180 27470.5877917
1285 243 57429.9587792
1286 250 46806.4958779
1287 236 28058.0495878
1288 343 56162.3049588
1289 159 20477.7304959
1290 303 77954.4730496
1291 251 44151.247305
1292 237 34421.5247305
1293 153 22107.052473
1294 213 28243.3052473
1295 196 29791.3305247
1296 271 61124.2330525
1297 195 21188.0233052
1298 364 67384.8023305
1299 292 117384.580233
1300 265 54617.5580233
1301 178 24932.1558023
1302 192 20111.9155802
1303 129 11305.291558
1304 114 14221.1291558
1305 171 35096.8129156
1306 269 49428.0812916
1307 150 31955.0081292
1308 208 41658.5008129
1309 88 11524.2500813
1310 371 67130.8250081
1311 221 29935.8825008
1312 212 33565.6882501
1313 215 29607.368825
1314 273 34581.6368825
1315 324 47233.3636883
1316 165 24180.8363688
1317 177 34231.4836369
1318 108 8114.04836369
1319 128 21015.3048364
1320 193 29250.3304836
1321 202 63798.3330484
1322 283 35406.2333048
1323 193 22909.1233305
1324 262 37580.412333
1325 309 28182.1412333
1326 307 38397.0141233
1327 123 25129.2014123
1328 213 45292.2201412
1329 279 71496.5220141
1330 177 39022.0522014
1331 271 94644.5052201
1332 94 15277.750522
1333 265 40090.4750522
1334 286 124306.747505
1335 175 52429.8747505
1336 381 145165.387475
1337 329 111824.938748
1338 190 59955.3938748
1339 370 50384.9393875
1340 281 62735.1939387
1341 225 52154.4193939
1342 227 29196.0419394
1343 148 19472.6041939
1344 230 40984.1604194
1345 177 35952.8160419
1346 366 51208.6816042
1347 146 20992.4681604
1348 214 37457.646816
1349 118 9202.5646816
1350 193 50172.7564682
1351 115 15909.8756468
1352 163 26811.4875647
1353 221 44571.9487565
1354 161 19280.0948756
1355 248 49915.1094876
1356 196 15868.1109488
1357 112 12924.8110949
1358 182 35359.9811095
1359 280 52696.0981109
1360 229 19350.1098111
1361 128 7008.81098111
1362 166 41173.0810981
1363 160 33684.9081098
1364 213 37063.890811
1365 183 37922.5890811
1366 173 20682.8589081
1367 367 41696.3858908
1368 215 17719.8385891
1369 211 42953.0838589
1370 110 18825.6083859
1371 250 48745.6608386
1372 325 143188.166084
1373 230 34884.8166084
1374 156 12728.9816608
1375 335 81365.1981661
1376 155 22379.5198166
1377 121 10900.9519817
1378 269 40030.9951982
1379 151 16721.9995198
1380 175 16012.899952
1381 204 70746.0899952
1382 200 35533.7089995
1383 169 19454.8709
1384 178 52259.88709
1385 258 23405.688709
1386 408 72618.7688709
1387 287 62562.0768871
1388 183 34040.3076887
1389 217 21705.5307689
1390 272 38774.2530769
1391 180 63598.8253077
1392 89 8555.88253077
1393 321 83442.1882531
1394 260 32275.9188253
1395 334 33412.2918825
1396 275 41964.2291883
1397 226 59481.7229188
1398 154 31510.8722919
1399 112 17935.2872292
1400 126 20009.4287229
1401 240 52886.2428723
1402 173 39420.7242872
1403 217 13299.4724287
1404 238 38817.4472429
1405 200 31023.4447243
1406 168 16443.5444724
1407 168 24586.2544472
1408 171 26612.3254447
1409 118 10780.0325445
1410 218 20412.9032544
1411 199 15472.1903254
1412 175 13785.8190325
1413 161 20355.5819033
1414 144 24779.1581903
1415 227 63477.715819
1416 210 45042.6715819
1417 147 17675.4671582
1418 157 14773.2467158
1419 189 32750.0246716
1420 357 112670.302467
1421 225 52133.8302467
1422 179 22265.8830247
1423 185 77383.2883025
1424 303 46948.2288302
1425 195 40097.522883
1426 139 21433.8522883
1427 156 16707.0852288
1428 340 32770.5085229
1429 319 41077.2508523
1430 175 32387.5250852
1431 192 23839.6525085
1432 252 25301.4652509
1433 179 41332.4465251
1434 171 26531.8446525
1435 340 77986.4844653
1436 209 32825.1484465
1437 198 27501.8148447
1438 254 35757.8814845
1439 207 35231.9881484
1440 289 87450.6988148
1441 252 52367.3698815
1442 209 30207.6369881
1443 185 22302.2636988
1444 310 55287.4263699
1445 136 18918.142637
1446 250 70462.0142637
1447 290 59211.3014264
1448 198 24347.3301426
1449 100 7160.23301426
1450 184 13948.2233014
1451 234 43900.7223301
1452 295 55470.172233
1453 260 74395.6172233
1454 199 44319.6617223
1455 197 55510.1661722
1456 181 24173.0166172
1457 258 46201.3016617
1458 69 8920.83016617
1459 179 18562.8830166
1460 274 29737.4883017
1461 206 13419.3488302
1462 319 40409.634883
1463 197 20459.1634883
1464 192 22720.8163488
1465 252 62351.0816349
1466 157 22939.2081635
1467 142 32321.5208163
1468 127 14845.5520816
1469 140 13347.1552082
1470 147 11379.4155208
1471 201 25901.6415521
1472 156 16273.4641552
1473 291 69757.6464155
1474 333 132671.364642
1475 164 26543.0364642
1476 282 35526.9036464
1477 89 8092.19036464
1478 150 9948.91903646
1479 191 24314.8919036
1480 212 18384.0891904
1481 227 44522.508919
1482 235 78701.5508919
1483 235 29865.5550892
1484 233 71244.4555089
1485 145 21341.6455509
1486 156 27409.1645551
1487 225 30548.3164555
1488 240 12274.1316456
1489 246 33435.3131646
1490 177 23926.7313165
1491 191 30411.7731316
1492 202 22993.0773132
1493 156 20113.7077313
1494 171 11351.9707731
1495 171 11598.8970773
1496 247 46933.8897077
1497 149 29532.3889708
1498 255 84279.7388971
1499 173 24001.1738897
1500 164 27394.317389
1501 251 34523.6317389
1502 157 21001.0631739
1503 204 31252.0063174
1504 113 9086.10063174
1505 354 28751.7100632
1506 229 40652.7710063
1507 283 30014.0771006
1508 185 41752.6077101
1509 159 34324.260771
1510 266 29376.9260771
1511 218 49179.7926077
1512 168 32235.1792608
1513 148 12117.4179261
1514 198 24143.4417926
1515 276 43681.5441793
1516 252 21646.6544179
1517 218 65686.9654418
1518 199 31390.3965442
1519 192 28252.4396544
1520 161 35828.6439654
1521 249 27042.2643965
1522 264 53459.9264397
1523 228 35468.192644
1524 180 67209.4192644
1525 298 72746.4419264
1526 204 33774.4441926
1527 156 17727.1444193
1528 177 25276.5144419
1529 211 26872.2514442
1530 138 24267.9251444
1531 225 51504.7925144
1532 174 27827.5792514
1533 225 25659.2579251
1534 145 20135.0257925
1535 149 17198.4025793
1536 314 43978.3402579
1537 346 133804.634026
1538 195 34284.8634026
1539 143 23692.2863403
1540 133 21161.728634
1541 210 20505.9728634
1542 184 27777.6972863
1543 156 18520.4697286
1544 161 13603.3469729
1545 236 51177.9346973
1546 95 8615.29346973
1547 226 12344.129347
1548 160 22431.7129347
1549 199 33106.0712935
1550 213 21682.3071293
1551 183 35708.6307129
1552 162 18945.1630713
1553 147 13693.2163071
1554 239 16972.5216307
1555 148 10631.7521631
1556 195 42088.6752163
1557 179 23462.1675216
1558 202 53784.9167522
1559 144 15131.1916752
1560 241 102103.719168
1561 149 18071.5719168
1562 251 43493.7571917
1563 234 29982.0757192
1564 226 22825.3075719
1565 233 35824.2307572
1566 202 32224.5230757
1567 143 18599.0523076
1568 188 33692.9052308
1569 224 38882.5905231
1570 183 18006.7590523
1571 281 31134.6759052
1572 121 14238.0675905
1573 280 120899.006759
1574 234 17806.7006759
1575 211 46399.2700676
1576 224 31276.6270068
1577 176 31780.5627007
1578 259 58977.1562701
1579 258 41509.615627
1580 170 51802.5615627
1581 223 26152.8561563
1582 153 53210.5856156
1583 211 47113.3585616
1584 217 31901.6358562
1585 335 44036.5635856
1586 146 17614.2563586
1587 137 17720.9256359
1588 235 82282.1925636
1589 300 30999.9192564
1590 371 147718.291926
1591 216 89679.4291926
1592 206 34662.3429193
1593 272 47416.2342919
1594 158 20232.6234292
1595 320 73185.1623429
1596 178 32975.5162343
1597 185 35685.8516234
1598 142 23151.5851623
1599 188 19987.1585162
1600 164 17496.2158516
1601 207 40081.2215852
1602 211 27752.6221585
1603 144 18901.1622159
1604 136 19459.1162216
1605 312 36901.7116222
1606 78 7354.47116222
1607 170 35866.9471162
1608 165 58281.9947116
1609 84 11591.9994712
1610 171 27894.1999471
1611 199 38688.8199947
1612 184 33578.8819995
1613 154 34907.8881999
1614 276 29502.58882
1615 237 37351.358882
1616 92 9538.9358882
1617 196 24900.8935888
1618 379 64728.0893589
1619 126 15207.0089359
1620 175 37345.6008936
1621 330 79111.0600894
1622 155 21031.2060089
1623 240 32006.3206009
1624 185 51881.5320601
1625 204 55615.253206
1626 256 38932.9253206
1627 216 14133.6925321
1628 225 26333.9692532
1629 221 47866.9969253
1630 163 25713.3996925
1631 249 34464.4399693
1632 180 24353.8439969
1633 163 43407.0843997
1634 83 12200.30844
1635 219 20107.330844
1636 170 17588.6330844
1637 195 27237.8633084
1638 262 35462.3863308
1639 128 26290.3386331
1640 324 48817.6338633
1641 208 32501.9633863
1642 134 34456.9963386
1643 194 19118.8996339
1644 180 26681.3899634
1645 175 24189.3389963
1646 260 63591.4338996
1647 207 25859.94339
1648 173 29148.994339
1649 245 26668.4994339
1650 166 25496.1499434
1651 121 14368.9149943
1652 166 15885.8914994
1653 166 21898.8891499
1654 274 82602.588915
1655 182 55948.1588915
1656 123 11170.7158891
1657 151 26555.8715889
1658 312 58901.2871589
1659 232 57113.6287159
1660 215 47283.6628716
1661 85 6828.06628716
1662 298 61114.4066287
1663 206 56302.8406629
1664 100 11475.9840663
1665 147 25207.5984066
1666 280 22310.0598407
1667 183 20627.1059841
1668 187 18637.2105984
1669 286 32608.7210598
1670 120 16583.472106
1671 174 19880.5472106
1672 149 21815.6547211
1673 124 8509.46547211
1674 176 24958.2465472
1675 225 12462.6246547
1676 203 25711.3624655
1677 145 30967.6362465
1678 168 13051.4636247
1679 222 24585.7463625
1680 232 27986.2746362
1681 229 32641.1274636
1682 174 31090.1127464
1683 197 63741.7112746
1684 303 44475.6711275
1685 265 20393.6671127
1686 174 19721.7667113
1687 189 13434.2766711
1688 272 71069.7276671
1689 166 18066.9727667
1690 209 54832.8972767
1691 145 18884.4897277
1692 260 29954.1489728
1693 163 16411.9148973
1694 173 15263.2914897
1695 170 10744.529149
1696 266 36870.8529149
1697 188 26506.0852915
1698 190 27472.7085291
1699 166 21561.6708529
1700 184 76983.9670853
1701 143 24602.2967085
1702 171 21599.4296709
1703 169 33445.1429671
1704 165 18288.8142967
1705 205 41094.5814297
1706 186 42451.258143
1707 194 30104.4258143
1708 261 52516.5425814
1709 232 28791.4542581
1710 179 30406.5454258
1711 192 34125.0545426
1712 149 13548.1054543
1713 257 32094.9105454
1714 350 39507.6910545
1715 105 12003.3691055
1716 188 17785.3369105
1717 146 18948.1336911
1718 170 32890.7133691
1719 200 51590.0713369
1720 223 41150.0071337
1721 226 40536.2007134
1722 161 17297.6200713
1723 121 10550.4620071
1724 132 35587.2462007
1725 118 11849.7246201
1726 189 36670.872462
1727 83 9657.6872462
1728 163 24433.8687246
1729 192 35696.4868725
1730 219 57226.7486872
1731 178 30105.8748687
1732 280 107246.087487
1733 136 22433.1087487
1734 203 21745.3108749
1735 230 19053.6310875
1736 166 32569.2631087
1737 173 21129.5263109
1738 150 14964.1526311
1739 164 16979.4152631
1740 235 23987.9415263
1741 159 18031.3941526
1742 180 29983.3394153
1743 181 16928.8339415
1744 158 20521.1833942
1745 233 34237.4183394
1746 181 16838.7418339
1747 79 4633.87418339
1748 118 1582.28741834
1749 286 52940.7287418
1750 185 26876.3728742
1751 205 23859.0372874
1752 245 74327.2037287
1753 183 23542.1203729
1754 188 28636.9120373
1755 174 46926.1912037
1756 58 6794.41912037
1757 166 15859.141912
1758 137 28421.4141912
1759 209 27586.4414191
1760 185 27808.0441419
1761 175 24519.1044142
1762 193 27210.9104414
1763 148 14774.8910441
1764 184 14490.2891044
1765 176 16907.8289104
1766 210 14025.082891
1767 209 21373.7082891
1768 163 6136.37082891
1769 123 8103.43708289
1770 207 27668.2437083
1771 155 16585.3243708
1772 135 15674.5324371
1773 174 49027.4532437
1774 214 32734.9453244
1775 227 19016.4945324
1776 195 33141.9494532
1777 118 12054.7949453
1778 242 49386.5794945
1779 219 35138.0579495
1780 161 29152.7057949
1781 167 10654.0705795
1782 155 18500.3070579
1783 143 18678.8307058
1784 155 36271.5830706
1785 189 28020.2583071
1786 155 22202.5258307
1787 286 84716.2525831
1788 222 36428.5252583
1789 122 16124.0525258
1790 204 27095.8052526
1791 162 22011.4805253
1792 179 21449.5480525
1793 157 14305.7548053
1794 292 59761.5754805
1795 177 18682.4575481
1796 216 32011.2457548
1797 238 48803.4245755
1798 255 63858.2424575
1799 197 46099.8242458
1800 274 44328.7824246
1801 282 56425.8782425
1802 158 18242.1878242
1803 114 20738.7187824
1804 204 46733.0718782
1805 266 46769.9071878
1806 262 54456.1907188
1807 325 65391.2190719
1808 131 16829.2219072
1809 189 28739.0221907
1810 308 53600.2022191
1811 126 25175.4202219
1812 209 28088.8420222
1813 277 56312.6842022
1814 151 14996.1684202
1815 201 23891.016842
1816 174 18846.9016842
1817 197 24816.5901684
1818 143 18253.0590168
1819 165 17513.3059017
1820 187 34765.3305902
1821 95 7592.23305902
1822 158 45546.7233059
1823 156 22781.0723306
1824 120 19605.5072331
1825 207 32543.0507233
1826 206 25209.3050723
1827 219 25017.2305072
1828 251 49833.4230507
1829 231 36518.1423051
1830 214 32758.3142305
1831 218 25951.5314231
1832 315 54914.4531423
1833 134 11176.8453142
1834 189 20436.7845314
1835 251 81279.2784531
1836 215 41125.5278453
1837 198 35043.8527845
1838 148 30973.1852785
1839 208 27941.5185278
1840 180 44835.4518528
1841 333 62905.6451853
1842 207 33382.9645185
1843 253 47834.9964519
1844 148 11174.4996452
1845 168 14036.3499645
1846 186 28406.0349965
1847 160 17277.7034996
1848 111 24020.07035
1849 130 20795.507035
1850 202 50579.7507035
1851 276 42958.4750703
1852 131 11964.447507
1853 89 2503.9447507
1854 311 4601.89447507
1855 241 25285.3894475
1856 169 25451.2389448
1857 58 5765.22389448
1858 231 37866.8223894
1859 254 59468.4822389
1860 181 30770.4482239
1861 177 25077.5448224
1862 167 13117.9544822
1863 200 24996.4954482
1864 200 35918.8495448
1865 170 13999.4849545
1866 164 15468.9484954
1867 76 3848.99484954
1868 152 16804.199485
1869 235 16410.2199485
1870 141 11592.9219948
1871 148 26786.3921995
1872 212 19380.9392199
1873 172 14994.193922
1874 130 10238.1193922
1875 230 26225.2119392
1876 220 24465.4211939
1877 198 23454.8421194
1878 70 8886.98421194
1879 194 11922.7984212
1880 193 31278.2798421
1881 97 4269.22798421
1882 86 3571.72279842
1883 127 9507.67227984
1884 190 15681.567228
1885 86 6748.8567228
1886 165 16414.1856723
1887 113 17495.4185672
1888 210 87785.5418567
1889 161 24886.2541857
1890 104 8882.02541857
1891 139 19136.2025419
1892 177 21295.2202542
1893 173 27070.0220254
1894 249 35897.1022025
1895 231 29061.0102203
1896 210 34167.701022
1897 248 24732.7701022
1898 179 35057.6770102
1899 240 19788.667701
1900 190 16588.4667701
1901 265 44362.946677
1902 104 8884.1946677
1903 148 8992.31946677
1904 199 28720.1319467
1905 175 32900.6131947
1906 125 14158.6613195
1907 235 47834.8661319
1908 196 36068.6866132
1909 258 59294.1686613
1910 282 33101.0168661
1911 224 26693.2016866
1912 162 24645.0201687
1913 218 70633.8020169
1914 96 25449.4802017
1915 188 28643.6480202
1916 168 32514.064802
1917 144 12477.5064802
1918 174 20105.450648
1919 193 20834.7450648
1920 220 20506.8745065
1921 344 64211.9874506
1922 162 21790.3987451
1923 164 33534.1398745
1924 179 36807.8139875
1925 205 20932.5813987
1926 213 25572.3581399
1927 132 12774.935814
1928 166 17056.5935814
1929 165 36079.2593581
1930 134 14402.5259358
1931 136 11965.0525936
1932 140 16179.4052594
1933 195 24285.9405259
1934 167 21962.0940526
1935 242 43690.9094053
1936 240 32853.9909405
1937 156 14675.9990941
1938 90 6246.49990941
1939 174 17625.5499909
1940 150 14242.7549991
1941 136 6193.67549991
1942 231 25838.86755
1943 207 18180.686755
1944 152 20742.8686755
1945 139 14709.5868675
1946 232 26460.4586868
1947 199 22439.8458687
1948 97 9044.18458687
1949 199 24893.3184587
1950 176 16722.7318459
1951 308 36554.2731846
1952 166 41173.7273185
1953 171 25609.4727318
1954 180 21334.2472732
1955 272 41535.0247273
1956 228 64174.5024727
1957 184 31980.4502473
1958 206 32874.8450247
1959 121 14760.1845025
1960 125 10650.4184502
1961 198 32341.241845
1962 108 18375.5241845
1963 120 12106.0524185
1964 184 20035.9052418
1965 238 25208.6905242
1966 186 15106.9690524
1967 97 10082.1969052
1968 160 30524.8196905
1969 127 9993.88196905
1970 260 44742.9881969
1971 132 22710.9988197
1972 230 27352.699882
1973 141 43644.2699882
1974 243 36773.9269988
1975 214 29344.1926999
1976 149 6470.91926999
1977 221 30611.491927
1978 190 16035.8491927
1979 200 59770.9849193
1980 215 65892.9984919
1981 185 28166.6998492
1982 166 13643.3699849
1983 220 40223.0369985
1984 93 15323.4036998
1985 203 42399.44037
1986 175 22022.144037
1987 139 13239.0144037
1988 204 19399.6014404
1989 274 10323.560144
1990 251 28096.3560144
1991 114 11634.1356014
1992 173 12631.7135601
1993 189 72821.771356
1994 165 26426.4771356
1995 142 20832.4477136
1996 122 12870.6447714
1997 270 26841.7644771
1998 126 15124.9764477
1999 193 14347.2976448
2000 222 22416.5297645
2001 263 71086.0529764
2002 141 9727.50529764
2003 164 16683.9505298
2004 176 26806.795053
2005 191 24580.5795053
2006 149 25387.8579505
2007 171 27553.6857951
2008 150 13357.1685795
2009 164 18956.616858
2010 124 8026.0616858
2011 116 9672.90616858
2012 180 14349.0906169
2013 176 17731.5090617
2014 249 32420.7509062
2015 259 63960.0750906
2016 143 38468.0075091
2017 203 31157.3007509
2018 149 42306.9300751
2019 198 26633.1930075
2020 184 23182.2193008
2021 171 71632.2219301
2022 136 17715.922193
2023 133 21965.0922193
2024 255 37097.9092219
2025 294 59170.6909222
2026 191 42121.8690922
2027 94 12215.6869092
2028 99 3642.46869092
2029 190 45271.6468691
2030 164 15329.2646869
2031 284 15444.3264687
2032 70 3054.83264687
2033 149 26401.3832647
2034 147 20170.4383265
2035 130 15560.3438326
2036 188 37938.1343833
2037 291 75328.8134383
2038 198 53330.9813438
2039 153 32377.0981344
2040 121 14472.2098134
2041 190 22238.1209813
2042 223 38333.8120981
2043 204 42091.4812098
2044 186 20627.248121
2045 170 37344.2248121
2046 208 18012.6224812
2047 186 22714.5622481
2048 185 18408.0562248
2049 156 19657.4056225
2050 98 8417.94056225
2051 207 20438.9940562
2052 125 14573.5994056
2053 226 38730.3599406
2054 170 25705.4359941
2055 207 18084.3435994
2056 209 27564.8343599
2057 175 22665.483436
2058 195 34442.8483436
2059 188 23603.2848344
2060 82 10150.4284834
2061 158 25002.4428483
2062 280 26919.2442848
2063 215 43804.2244285
2064 131 15535.5224428
2065 136 7722.85224428
2066 174 38109.1852244
2067 118 10152.1185224
2068 154 19507.5118522
2069 195 34328.9511852
2070 131 32349.1951185
2071 158 24892.1195119
2072 187 22286.9119512
2073 133 20449.9911951
2074 192 24864.0991195
2075 137 10340.709912
2076 167 10300.7709912
2077 125 16981.6770991
2078 139 11405.7677099
2079 161 5694.27677099
2080 224 26291.9276771
2081 114 11117.5927677
2082 150 43587.2592768
2083 186 45246.4259277
2084 150 19085.7425928
2085 155 13281.9742593
2086 212 24312.3974259
2087 129 18541.9397426
2088 179 30257.6939743
2089 146 20911.4693974
2090 260 44534.9469397
2091 117 18640.794694
2092 97 17936.1794694
2093 203 35953.0179469
2094 125 8051.60179469
2095 129 14452.2601795
2096 190 32794.0260179
2097 98 5764.50260179
2098 169 12124.8502602
2099 263 28218.685026
2100 116 10803.6685026
2101 124 20768.7668503
2102 207 26591.676685
2103 133 18356.1676685
2104 279 48446.3167669
2105 110 14727.5316767
2106 146 12325.1531677
2107 167 40436.1153168
2108 244 32275.3115317
2109 177 30106.6311532
2110 251 47792.2631153
2111 123 9465.02631153
2112 195 12874.0026312
2113 155 23184.9002631
2114 286 90995.0900263
2115 144 37037.8090026
2116 205 18108.8809003
2117 95 5879.58809003
2118 204 15000.258809
2119 146 15289.7258809
2120 174 43468.5725881
2121 146 19672.8572588
2122 190 32398.1857259
2123 189 20085.9185726
2124 139 21593.5918573
2125 194 25753.9591857
2126 296 31371.9959186
2127 177 32722.3995919
2128 275 48137.8399592
2129 135 14564.4839959
2130 164 19350.9483996
2131 186 27247.49484
2132 156 24335.949484
2133 156 25422.7949484
2134 126 12926.1794948
2135 156 18057.9179495
2136 220 27189.9917949
2137 105 9620.29917949
2138 154 25140.3299179
2139 210 19161.2329918
2140 208 39154.8232992
2141 306 38326.5823299
2142 266 35641.558233
2143 164 20935.2558233
2144 189 67259.9255823
2145 212 25682.5925582
2146 186 28297.7592558
2147 196 24219.9759256
2148 186 26688.2975926
2149 254 50632.8297593
2150 167 32249.4829759
2151 249 27632.6482976
2152 182 29215.5648298
2153 174 16255.356483
2154 184 12708.7356483
2155 180 9835.17356483
2156 202 29666.5173565
2157 157 15132.0517356
2158 299 61408.3051736
2159 177 28824.6305174
2160 146 23882.9630517
2161 167 12436.5963052
2162 168 20091.0596305
2163 252 39639.8059631
2164 76 7518.18059631
2165 205 15318.2180596
2166 113 4153.52180596
2167 187 22977.8521806
2168 109 27852.3852181
2169 130 12300.6385218
2170 148 13250.9638522
2171 226 85350.5963852
2172 157 33630.8596385
2173 71 5903.08596385
2174 157 26892.8085964
2175 222 37660.1808596
2176 135 15260.318086
2177 168 18340.6318086
2178 71 5157.46318086
2179 205 30925.0463181
2180 144 15473.1046318
2181 201 29775.5104632
2182 164 38339.3510463
2183 185 16717.8351046
2184 213 17717.0835105
2185 222 19926.308351
2186 147 13856.0308351
2187 226 73463.2030835
2188 197 40868.6203084
2189 240 27276.0620308
2190 176 25262.0062031
2191 153 19824.2006203
2192 112 11954.920062
2193 169 27476.0920062
2194 158 24122.9092006
2195 207 10694.5909201
2196 160 15707.459092
2197 133 11297.0459092
2198 189 22084.8045909
2199 135 5383.78045909
2200 146 9811.17804591
2201 203 22769.3178046
2202 143 12834.7317805
2203 131 10982.873178
2204 153 14509.4873178
2205 229 21893.2487318
2206 168 62881.7248732
2207 156 14790.2724873
2208 203 26927.3272487
2209 163 18661.1327249
2210 240 19746.5132725
2211 88 7916.65132725
2212 190 31022.8651327
2213 150 13482.7865133
2214 227 49978.6786513
2215 154 29939.9678651
2216 230 22118.0967865
2217 154 12872.5096787
2218 178 46704.3509679
2219 98 8057.83509679
2220 137 16459.6835097
2221 189 23161.368351
2222 297 21124.4368351
2223 191 28042.5436835
2224 151 33569.9543684
2225 191 16621.1954368
2226 205 28151.1195437
2227 194 24731.8119544
2228 222 31927.3811954
2229 200 18290.3381195
2230 98 8565.93381195
2231 186 18968.7933812
2232 208 29863.4793381
2233 137 33485.1479338
2234 187 28313.1147934
2235 150 12289.1114793
2236 167 21701.9111479
2237 184 32869.3911148
2238 170 27345.0391115
2239 151 12067.0039111
2240 186 35153.6003911
2241 163 12857.4600391
2242 257 18565.8460039
2243 189 43421.6846004
2244 182 31600.76846
2245 171 14242.476846
2246 252 40513.6476846
2247 258 30686.6647685
2248 195 30848.1664768
2249 141 14232.5166477
2250 185 24087.0516648
2251 146 19242.6051665
2252 249 37775.8605166
2253 183 28496.0860517
2254 228 13051.5086052
2255 109 3387.75086052
2256 237 25909.8750861
2257 155 23797.4875086
2258 248 44798.6487509
2259 89 8367.56487509
2260 169 12233.3564875
2261 261 26263.0356488
2262 112 11977.5035649
2263 142 11934.9503565
2264 147 11688.4950356
2265 156 12268.1495036
2266 129 18836.5149504
2267 131 12355.351495
2268 169 18741.2351495
2269 191 14907.923515
2270 186 33804.4923515
2271 163 18037.4492351
2272 205 13508.5449235
2273 154 11223.3544924
2274 187 11211.3354492
2275 162 18739.3335449
2276 296 46456.5333545
2277 140 15394.8533354
2278 173 19145.1853335
2279 126 8568.41853335
2280 119 13306.1418533
2281 154 11761.8141853
2282 101 17770.9814185
2283 215 19851.7981419
2284 180 14901.0798142
2285 210 29554.7079814
2286 107 8903.27079814
2287 164 16990.0270798
2288 127 38106.402708
2289 169 29475.4402708
2290 184 18958.7440271
2291 163 16516.1744027
2292 159 33305.9174403
2293 126 17086.191744
2294 215 35004.7191744
2295 112 10699.0719174
2296 211 51945.7071917
2297 169 21427.1707192
2298 191 42995.5170719
2299 149 24969.4517072
2300 157 17240.1451707
2301 123 24513.2145171
2302 136 13726.7214517
2303 124 15114.6721452
2304 241 35447.6672145
2305 151 25578.7667215
2306 185 31872.2766721
2307 133 15163.5276672
2308 200 33632.8527667
2309 132 21327.8852767
2310 167 23164.8885277
2311 214 20039.1888528
2312 81 7351.61888528
2313 134 24130.4618885
2314 178 23415.4461889
2315 237 36557.1446189
2316 135 11347.5144619
2317 154 17129.7514462
2318 200 16884.0751446
2319 190 28467.2075145
2320 123 9290.82075145
2321 141 10225.1820751
2322 128 10752.1182075
2323 200 38715.7118208
2324 120 21420.8711821
2325 138 16173.4871182
2326 281 45941.5487118
2327 165 33527.8548712
2328 151 33876.5854871
2329 213 26742.9585487
2330 78 7764.69585487
2331 158 29339.4695855
2332 111 23669.9469585
2333 302 19236.9946959
2334 96 13534.5994696
2335 157 10956.759947
2336 90 7083.0759947
2337 263 46776.9075995
2338 199 23106.2907599
2339 161 20583.129076
2340 189 24711.8129076
2341 190 22253.5812908
2342 240 45904.9581291
2343 186 24251.3958129
2344 157 16766.9395813
2345 143 12994.2939581
2346 146 34170.1293958
2347 117 16665.9129396
2348 160 9729.09129396
2349 141 16920.4091294
2350 103 7020.24091294
2351 134 5367.72409129
2352 102 7242.37240913
2353 149 6121.63724091
2354 161 17334.7637241
2355 223 27095.3763724
2356 199 17930.0376372
2357 185 38797.8037637
2358 171 37555.4803764
2359 279 51235.1480376
2360 115 14420.5148038
2361 189 24876.8514804
2362 144 10550.585148
2363 155 18049.6585148
2364 188 14583.6658515
2365 135 14542.7665851
2366 245 82776.7766585
2367 227 48602.3776659
2368 169 25669.9377666
2369 118 8005.79377666
2370 174 23887.3793777
2371 198 15817.4379378
2372 135 8981.44379378
2373 200 42220.0443794
2374 205 21932.4044379
2375 177 36592.7404438
2376 191 29796.3740444
2377 149 18709.4374044
2378 137 9236.34374044
2379 182 17005.734374
2380 168 23298.9734374
2381 176 31819.3973437
2382 97 8992.83973437
2383 241 27912.8839734
2384 125 10514.4883973
2385 175 23567.4488397
2386 145 15701.644884
2387 116 6646.7644884
2388 180 42574.7764488
2389 146 21252.5776449
2390 331 43667.9577645
2391 228 34961.8957764
2392 248 35885.7895776
2393 224 32392.0789578
2394 118 14728.0078958
2395 123 19285.1007896
2396 79 6574.21007896
2397 154 10648.9210079
2398 195 12720.2921008
2399 193 14031.6292101
2400 165 23570.162921
2401 231 25872.9162921
2402 175 13197.5916292
2403 151 17983.7591629
2404 154 21704.7759163
2405 148 14849.2775916
2406 111 10247.4277592
2407 176 14236.0427759
2408 101 9877.90427759
2409 112 11935.0904278
2410 147 13054.4090428
2411 181 20710.3409043
2412 129 25227.3340904
2413 167 32577.633409
2414 119 12181.2633409
2415 175 37267.8263341
2416 121 11375.5826334
2417 224 43149.9582633
2418 157 14329.4958263
2419 110 8107.34958263
2420 197 40269.4349583
2421 149 26514.3434958
2422 83 9300.03434958
2423 161 14938.003435
2424 158 14803.4003435
2425 182 13420.5400343
2426 184 17771.3540034
2427 107 16748.2354003
2428 149 20726.12354
2429 161 17942.112354
2430 129 19730.8112354
2431 162 16868.2811235
2432 196 23687.0281124
2433 281 10541.6028112
2434 139 20610.4602811
2435 157 14906.9460281
2436 208 30217.1946028
2437 62 4492.41946028
2438 238 28495.541946
2439 137 13806.3541946
2440 118 13137.5354195
2441 82 7174.75354195
2442 192 30588.3753542
2443 139 18913.8375354
2444 150 23371.1837535
2445 160 19685.5183754
2446 143 12091.1518375
2447 194 18194.8151838
2448 143 6105.78151838
2449 185 20867.2781518
2450 167 42196.0278152
2451 133 18485.6027815
2452 123 8718.46027815
2453 119 29422.8460278
2454 239 30704.7846028
2455 159 26243.4784603
2456 153 31615.747846
2457 267 52925.3747846
2458 141 22258.4374785
2459 181 29952.6437478
2460 222 25461.9643748
2461 164 22260.4964375
2462 109 17309.3496437
2463 214 18935.5349644
2464 200 26316.9534964
2465 179 41568.7953496
2466 141 21554.279535
2467 175 26671.2279535
2468 179 46693.0227953
2469 163 16095.8022795
2470 86 8108.48022795
2471 174 13672.8480228
2472 85 5994.98480228
2473 131 9911.19848023
2474 96 7915.91984802
2475 167 9804.8919848
2476 229 42173.6891985
2477 205 35150.1689198
2478 98 7285.81689198
2479 190 25015.7816892
2480 75 7447.67816892
2481 129 14967.7678169
2482 116 10544.9767817
2483 176 28099.5976782
2484 93 10071.8597678
2485 65 5592.38597678
2486 75 8295.43859768
2487 98 6102.74385977
2488 158 14279.674386
2489 179 11112.0674386
2490 133 14665.9067439
2491 140 23785.1906744
2492 140 12945.5190674
2493 176 17009.2519067
2494 195 19403.8251907
2495 204 25544.9825191
2496 198 17915.6982519
2497 126 11429.4698252
2498 272 21355.3469825
2499 146 28955.7346983
