0 5970 0.0
1 1414 0.0
2 348 0.0
3 1 0.0
4 21135 0.0
5 1581 0.0
6 1447 0.0
7 2626 0.0
8 39 0.0
9 3582 0.0
10 40 0.0
11 1473 0.0
12 1 0.0
13 1 0.0
14 16762 0.0
15 39 0.0
16 1 0.0
17 1115 0.0
18 39 0.0
19 120 0.0
20 40 0.0
21 11 0.0
22 1 0.0
23 40 0.0
24 47 0.0
25 5027 0.0
26 62 0.0
27 18381 0.0
28 1397 0.0
29 50 0.0
30 4033 0.0
31 1601 0.0
32 1 0.0
33 42 0.0
34 1572 0.0
35 44 0.0
36 1951 0.0
37 578 0.0
38 2645 0.0
39 1418 0.0
40 3491 0.0
41 3161 0.0
42 10853 0.0
43 659 0.0
44 17 0.0
45 21607 0.0
46 64 0.0
47 12 0.0
48 12690 0.0
49 7160 0.0
50 20807 0.0
51 8736 0.0
52 8630 0.0
53 4993 0.0
54 117 0.0
55 4183 0.0
56 133 0.0
57 213 0.0
58 767 0.0
59 2095 0.0
60 1004 0.0
61 63 0.0
62 215 0.0
63 249 0.0
64 29883 0.0
65 290 0.0
66 1 0.0
67 2598 0.0
68 1813 0.0
69 6387 0.0
70 5801 0.0
71 11383 0.0
72 3455 0.0
73 1478 0.0
74 7876 0.0
75 220 0.0
76 42 0.0
77 3060 0.0
78 652 0.0
79 42 0.0
80 11103 0.0
81 1 0.0
82 4934 0.0
83 13442 0.0
84 3275 0.0
85 8799 0.0
86 222 0.0
87 3743 0.0
88 12 0.0
89 657 0.0
90 2098 0.0
91 39 0.0
92 738 0.0
93 41 0.0
94 8517 0.0
95 111 0.0
96 2528 0.0
97 107 0.0
98 5096 0.0
99 3950 0.0
