0 759 711025.866667
1 777 1208071.09556
2 979 1264822.03652
3 909 694962.034551
4 801 736654.101152
5 842 770182.603372
6 854 681264.686779
7 634 425272.689559
8 816 949259.156319
9 439 441315.071877
10 553 538908.569063
11 994 618802.752302
12 975 1177826.15841
13 843 600659.10528
14 715 437187.503509
15 576 850751.916784
16 724 441214.097226
17 772 852013.869908
18 655 628516.728997
19 667 439219.8243
20 947 1004856.72748
21 702 327773.757583
22 639 408862.758586
23 707 480724.35862
24 549 305385.511954
25 711 654595.017065
26 899 691058.767236
27 717 431251.458908
28 553 310761.94863
29 824 1062488.06495
30 657 647650.368832
31 792 516497.845628
32 524 229080.961521
33 429 274350.198717
34 725 437300.306624
35 601 255256.010221
36 751 797645.733674
37 641 915415.991122
38 563 377247.233037
39 536 565502.741101
40 689 350117.49137
41 720 596280.583046
42 666 721685.152768
43 543 582901.738426
44 569 464170.391281
45 709 258318.379709
46 695 383579.112657
47 762 632665.937089
48 450 266830.931236
49 467 269769.764375
50 560 318177.625479
51 703 605853.254183
52 628 694868.108473
53 504 279959.803616
54 579 370305.060121
55 582 438024.202004
56 855 457346.206733
57 397 157272.406891
58 686 431542.013563
59 472 272628.367119
60 524 200422.412237
61 558 402086.213741
62 521 285894.707125
63 745 642221.956904
64 471 168284.06523
65 478 274308.368841
66 653 487314.745628
67 486 340496.624854
68 999 894761.354162
69 451 249118.411805
70 646 378415.34706
71 562 210613.511569
72 571 304048.050386
73 552 293312.568346
74 503 259775.552278
75 383 252519.518409
76 473 287588.083947
77 568 232862.602798
78 392 238929.08676
79 464 193882.936225
80 464 218883.031208
81 509 353858.30104
82 397 181339.043368
83 461 197283.501446
84 535 333367.850048
85 429 361515.428335
86 453 319136.514278
87 436 184528.783809
88 518 168441.626127
89 482 153319.487538
90 668 627181.882918
91 599 406284.496097
92 420 192669.283203
93 411 224244.10944
94 537 287384.270315
95 543 192793.942344
96 542 267353.064745
97 511 315434.402158
98 375 140368.746739
99 499 284269.891558
100 523 186952.963052
101 461 288264.065435
102 480 154638.302181
103 381 140291.943406
104 540 340722.16478
105 485 263534.172159
106 395 198023.805739
107 463 263560.593525
108 360 144001.119784
109 388 160149.270659
110 446 245924.275689
111 525 164122.042523
112 405 209737.534751
113 699 277644.284492
114 541 199259.442816
115 381 199621.881427
116 408 237182.562714
117 616 227088.385424
118 609 325721.112847
119 322 152876.403762
120 409 147271.480125
121 400 145247.349338
122 444 163142.344978
123 503 223006.511499
124 538 229420.250383
125 529 381469.541679
126 531 267580.718056
127 356 162277.423935
128 456 243754.047465
129 331 89806.4349155
130 430 164599.547831
131 469 214260.451594
132 450 320338.748386
133 376 137735.491613
134 394 217885.116387
135 379 129336.870546
136 407 205816.995685
137 434 313896.199856
138 458 170150.973329
139 338 132207.132444
140 456 158801.404415
141 570 203427.246814
142 438 172849.974894
143 428 166038.26583
144 427 128898.975528
145 447 149721.865851
146 492 313919.028862
147 471 180600.634295
148 309 107477.221143
149 326 109301.540705
150 396 276307.518023
151 515 317720.983934
152 213 79077.2994645
153 461 176384.943315
154 293 113176.764777
155 390 249688.958826
156 484 176789.698628
157 367 219889.523288
158 478 199970.550776
159 269 66752.6516925
160 494 191735.18839
161 426 155997.972946
162 361 95171.6657649
163 532 223021.455525
164 364 189052.315184
165 364 144110.243839
166 289 97256.6414613
167 377 116073.188049
168 442 195767.606268
169 389 104610.286876
170 403 77986.5428959
171 499 136947.918097
172 340 195081.730603
173 421 235685.424353
174 464 144986.747478
175 410 223077.258249
176 308 93806.0086083
177 310 104514.23362
178 409 186298.041121
179 616 216975.901371
180 350 91498.3967124
181 372 119890.646557
182 372 116448.788219
183 285 83623.8596073
184 382 123366.228654
185 413 228360.174288
186 400 134712.872476
187 477 228512.929083
188 310 186455.564303
189 289 51357.0521434
190 414 158159.135071
191 421 131249.004502
192 408 241611.933483
193 246 66469.9977828
194 381 89038.7999261
195 245 69569.4933309
196 346 260424.583111
197 355 133878.219437
198 386 197923.273981
199 441 135725.675799
200 484 292210.589193
201 398 211844.71964
202 371 112680.490655
203 382 131096.449688
204 326 71017.3816563
205 226 55192.4793885
206 382 110943.182646
207 300 110327.672755
208 299 67787.4557585
209 537 193712.915192
210 313 77865.4638397
211 426 177723.515461
212 358 124860.650515
213 407 132767.255017
214 391 94412.1085006
215 385 210600.803617
216 366 75835.8267872
217 377 243535.294226
218 328 98416.3431409
219 384 148940.811438
220 434 127409.527048
221 329 124327.084235
222 331 107486.602808
223 479 160201.453427
224 386 224691.981781
225 245 56480.532726
226 463 140366.851091
227 309 68639.7950364
228 374 90144.9931679
229 341 83975.1331056
230 332 101713.371104
231 270 55101.4123701
232 328 91284.2804123
233 358 157662.376014
234 419 104360.412534
235 392 169048.813751
236 390 113524.660458
237 291 107723.555349
238 239 52466.5851783
239 344 76529.6195059
240 389 109780.753984
241 399 120336.558466
242 269 64294.7852822
243 313 119475.626176
244 260 61544.2208725
245 264 53483.9073624
246 322 92531.4969121
247 400 130612.28323
248 328 94299.4427743
249 410 88962.9814258
250 434 170355.899381
251 300 73828.496646
252 415 118168.816555
253 299 93832.8605518
254 343 97030.3953517
255 290 81152.2798451
256 319 90861.3093282
257 467 131484.176978
258 462 192472.005899
259 312 137362.500197
260 397 163711.050007
261 322 114327.068334
262 264 63034.2356111
263 339 176927.941187
264 315 86813.1313729
265 351 135290.471046
266 335 113360.349035
267 392 98378.1449678
268 281 115889.104832
269 325 113268.436828
270 362 126752.447894
271 319 83146.5482631
272 270 82317.2516088
273 357 101713.775054
274 359 115363.059168
275 282 66471.3353056
276 301 79613.2111769
277 315 114666.807039
278 271 93353.7269013
279 331 176757.957563
280 254 52419.3319188
281 355 125003.877731
282 328 141867.495924
283 328 81865.4165308
284 249 53073.4472177
285 290 76470.7149073
286 442 227642.72383
287 398 142174.590794
288 396 99774.1530265
289 158 30327.7717675
290 268 41461.3923923
291 400 227447.71308
292 228 53767.7237693
293 282 82175.2907923
294 416 106239.743026
295 326 61856.6581009
296 310 73446.0886034
297 351 145964.902953
298 433 75628.5967651
299 333 86209.7865588
300 402 95700.8928853
301 364 110746.09643
302 241 43030.5032143
303 238 44593.6834405
304 385 124664.556115
305 275 68709.5518705
306 379 130631.551729
307 231 56106.5517243
308 342 101752.718391
309 333 136236.790613
310 449 135048.79302
311 403 96836.326434
312 356 141627.177548
313 353 67827.1725849
314 240 77578.2724195
315 358 103445.242414
316 292 56105.4747471
317 386 170311.949158
318 260 60239.5649719
319 285 84394.7188324
320 332 85656.2572944
321 269 83026.3085765
322 312 71671.8769525
323 379 92170.8958984
324 370 77234.7298633
325 288 84419.2243288
326 320 79353.340811
327 455 189080.444694
328 347 101317.248156
329 279 49548.9416052
330 362 70612.7980535
331 411 104687.893268
332 271 81378.7964423
333 269 63782.9265481
334 272 73305.8642183
335 264 57501.1288073
336 344 89854.9376269
337 386 132191.797921
338 381 80530.8599307
339 249 61810.495331
340 301 58294.2498444
341 262 82122.0083281
342 258 45647.9002776
343 275 63351.9633426
344 337 75726.6321114
345 292 42255.087737
346 215 70664.0695912
347 242 44577.235653
348 393 131250.807855
349 219 37914.0602618
350 327 66072.1020087
351 326 94142.2034003
352 252 59706.1401133
353 236 43468.4713371
354 311 109184.149045
355 321 80192.3049682
356 316 101722.410166
357 302 102269.280339
358 376 93745.3093446
359 261 72912.4103115
360 280 82533.8470104
361 253 49623.261567
362 221 48316.2420522
363 269 54576.9747351
364 370 125658.865825
365 323 84897.0288608
366 223 25638.900962
367 349 77569.8300321
368 414 118566.194334
369 282 95665.9731445
370 321 54748.2657715
371 318 97585.8755257
372 232 57457.9958509
373 259 48630.533195
374 227 35174.2177732
375 343 109416.240592
376 278 51603.5413531
377 270 64463.8513784
378 312 78783.1950459
379 284 61831.4065015
380 340 65435.6468834
381 261 82823.4548961
382 269 62954.9484965
383 462 111757.06495
384 255 52458.902165
385 306 157000.163405
386 225 47174.0721135
387 207 50389.9357371
388 349 45220.7978579
389 265 73064.1599286
390 273 79114.3719976
391 341 51022.4457333
392 233 65117.7481911
393 275 81113.8249397
394 239 67720.3941647
395 302 71717.5464722
396 414 77185.7848824
397 302 58603.1594961
398 216 49609.1053165
399 318 137400.203511
400 240 46552.940117
401 393 98320.0646706
402 285 94474.035489
403 278 67398.9345163
404 252 52385.0644839
405 343 75477.0354828
406 306 57964.8011828
407 278 48827.9933728
408 335 67209.3664458
409 258 70020.1122149
410 390 159742.970407
411 288 69802.0656802
412 253 60667.8355227
413 269 75741.3611841
414 244 55066.6787061
415 244 91168.8226235
416 317 58519.7607541
417 201 42413.8253585
418 295 73162.4608453
419 241 45998.3153615
420 194 24562.0105121
421 268 58077.2336837
422 257 47373.9744561
423 288 103007.565815
424 247 54276.7188605
425 321 87831.223962
426 208 45222.8741321
427 232 50136.4958044
428 299 65603.9498601
429 405 111052.264995
430 341 57108.1421665
431 204 38808.5047389
432 289 92720.5168246
433 297 66049.9505608
434 241 66561.7650187
435 326 74617.2255006
436 290 80438.2741834
437 285 111177.275806
438 356 102605.242527
439 249 42537.4414176
440 250 57506.5480473
441 304 52109.9516016
442 312 64020.1983867
443 256 42747.1732796
444 261 34474.8724427
445 283 68989.5290814
446 233 37468.417636
447 242 55890.7805879
448 282 55380.7593529
449 281 82211.5919784
450 313 67766.1863993
451 397 55400.67288
452 326 92760.7224293
453 343 77712.4574143
454 343 98151.5485805
455 191 32092.1516193
456 256 76309.4717206
457 253 45391.7823907
458 333 72443.7260797
459 296 75988.2908693
460 272 45218.6763623
461 265 55082.0558787
462 318 60513.1018626
463 333 113754.270062
464 307 76629.1756687
465 264 47600.239189
466 256 71949.8413063
467 253 45337.1947102
468 319 48365.0398237
469 272 70043.4013275
470 282 54226.8133776
471 313 102065.160446
472 260 52510.5720149
473 324 59340.7524005
474 334 84733.8584133
475 276 50497.0286138
476 336 83333.5342871
477 276 87737.4511429
478 301 72216.3483714
479 315 94115.8449457
480 234 53727.7281649
481 265 52202.6242722
482 259 88553.9874757
483 217 45113.1329159
484 293 68240.4710972
485 261 48519.3157032
486 300 58432.0438568
487 328 63380.6347952
488 268 32009.4544932
489 272 42540.4818164
490 240 38514.2827272
491 264 54550.0427576
492 284 56923.0014253
493 393 121149.966714
494 317 61391.8655571
495 313 64157.0955186
496 270 113918.469851
497 339 64211.348995
498 245 58350.6449665
499 228 32426.5881656
500 224 39990.5529389
501 274 61679.1517646
502 269 41224.6383922
503 238 31118.4879464
504 212 26894.1162649
505 321 85998.8705422
506 348 76009.0623514
507 196 21032.2354117
508 194 27369.6078471
509 194 30840.8202616
510 266 43584.1606754
511 290 61435.3053558
512 260 34185.4101785
513 193 18693.4136726
514 188 32426.6137891
515 301 69901.7204596
516 266 81163.8573487
517 297 60992.4619116
518 347 61916.1820637
519 266 69348.0394021
520 227 40303.7013134
521 253 42440.9567104
522 219 63668.398557
523 307 51534.0466186
524 310 83604.701554
525 253 70583.5233851
526 236 38195.0841128
527 183 43055.3028038
528 251 49112.4434268
529 287 47809.3481142
530 262 38595.6116038
531 304 57162.9870535
532 284 81537.1995684
533 220 62581.1066523
534 258 68433.7702217
535 214 38186.0590074
536 291 61806.9019669
537 250 83839.4967322
538 281 53755.8498911
539 280 40720.5283297
540 378 74616.1509443
541 310 68389.0383648
542 254 65352.3346122
543 327 54239.9444871
544 257 52904.7314829
545 221 47962.8243828
546 299 56346.2941461
547 240 63384.5764715
548 310 122034.119216
549 260 72907.1706405
550 232 58536.9390214
551 261 51017.464634
552 264 59798.8154878
553 247 45474.3938496
554 228 53568.479795
555 246 69637.9493265
556 249 52480.4649775
557 280 64946.2154993
558 307 97084.87385
559 340 62140.895795
560 253 50881.1631932
561 331 56789.6721064
562 284 35112.7224035
563 254 47684.9240801
564 255 31133.4308027
565 301 61246.2810268
566 268 60292.7093676
567 251 76681.2569789
568 280 70918.408566
569 245 32611.4802855
570 288 39324.8826762
571 253 27042.8627559
572 342 82471.0287585
573 234 33219.3009586
574 231 51370.7433653
575 260 42569.9581122
576 222 34586.6652704
577 242 41578.4888423
578 226 31907.2829614
579 240 57228.609432
580 186 35715.2203144
581 320 107152.507344
582 212 25310.9169115
583 237 44930.7972304
584 306 57013.8265743
585 221 34787.1942191
586 262 40659.8731406
587 280 50274.062438
588 241 58755.3687479
589 286 50441.2456249
590 272 35559.3081875
591 218 46998.7436062
592 185 46052.0914535
593 289 45040.7030485
594 243 41477.3901016
595 249 61421.4463367
596 276 43831.4482112
597 255 46463.481607
598 223 29718.9493869
599 253 72567.7983129
600 291 70299.1599438
601 305 45008.1386648
602 241 29707.7379555
603 306 61203.8245985
604 218 31782.6274866
605 272 63036.1542496
606 265 62616.8051417
607 240 31022.1601714
608 273 31781.9720057
609 271 48761.4324002
610 267 41299.9144133
611 218 39670.0638138
612 229 32227.9354605
613 248 55337.4978487
614 195 39214.4499283
615 257 38712.7149976
616 309 88304.4904999
617 251 54949.11635
618 232 29082.2038783
619 231 21817.7401293
620 234 39185.7913376
621 233 21977.5263779
622 263 35184.6508793
623 256 98075.321696
624 232 42913.6773899
625 190 27479.455913
626 254 50433.3485304
627 290 41950.444951
628 258 36905.748165
629 186 23150.8582722
630 220 33050.1286091
631 301 56117.1376203
632 214 32705.371254
633 245 50998.2790418
634 216 39004.4093014
635 230 47838.28031
636 334 79268.7093437
637 234 48909.9903115
638 253 68217.5330104
639 212 58106.2844337
640 230 62825.1094811
641 294 54568.3036494
642 189 38959.0101216
643 201 29578.2336707
644 202 27039.5411224
645 250 37415.4513707
646 254 63939.748379
647 197 29209.5582793
648 263 28901.8519426
649 249 41400.8950648
650 193 39822.7298355
651 325 83779.0576612
652 250 52074.0685887
653 178 46671.768953
654 233 30639.6922984
655 249 51712.3230766
656 264 71057.5107692
657 247 37916.7170256
658 225 63192.4905675
659 250 38868.3830189
660 219 33915.979434
661 317 56072.1993145
662 213 29773.4066438
663 241 39690.9802215
664 278 63277.432674
665 273 69190.6144225
666 294 35302.8871474
667 204 33309.3629049
668 237 26743.1787635
669 292 109627.372625
670 231 39198.0457542
671 253 39828.1348585
672 207 45172.3711619
673 245 61190.6123721
674 205 52896.6870791
675 202 38447.5895693
676 251 67339.1529856
677 305 56685.9717662
678 221 38749.8323922
679 299 48579.4277464
680 270 48301.7475915
681 286 82363.5582531
682 280 44392.9519418
683 298 68092.4317314
684 216 33026.5477244
685 195 41884.7182575
686 349 103286.723942
687 300 49018.6241314
688 250 44952.5208044
689 186 33941.3506935
690 216 56910.3783564
691 232 47204.0792785
692 260 49183.3693093
693 243 32454.1456436
694 260 24743.2381881
695 272 29309.9079396
696 237 52175.6969313
697 297 53288.8565644
698 211 40465.3952188
699 225 50520.4798406
700 231 26841.9159947
701 220 36771.0971998
702 251 40900.10324
703 218 38553.470108
704 263 44988.4490036
705 285 44087.6483001
706 224 35361.22161
707 303 55201.8740537
708 219 39860.3624685
709 280 59369.7454156
710 196 31456.6915139
711 177 34297.2230505
712 211 26672.707435
713 241 49613.3569145
714 193 17851.5785638
715 273 66560.7859521
716 230 41513.4928651
717 184 22246.4164288
718 234 62729.5805476
719 288 67636.0860183
720 207 56357.8362006
721 248 28994.6612067
722 242 48788.2220402
723 168 38259.8407347
724 250 41452.6613578
725 244 47855.6220453
726 190 23790.2207348
727 249 27558.2406912
728 286 45515.0746897
729 302 50178.5024897
730 214 45411.050083
731 308 52292.9016694
732 226 21829.763389
733 278 43278.7587796
734 176 17023.0919593
735 268 64783.9030653
736 263 46824.8634355
737 246 41242.1621145
738 235 49625.0054038
739 246 43956.5001801
740 195 23730.6833393
741 193 21861.0561113
742 243 35740.7018704
743 240 67577.8900623
744 207 29998.7296687
745 212 28623.8243223
746 259 56367.0941441
747 334 51079.9698048
748 238 39074.4656602
749 256 21621.915522
750 236 45853.5638507
751 279 47728.3521284
752 199 31696.3450709
753 235 37487.6115024
754 259 67274.5870501
755 188 21414.9195683
756 269 54303.7306523
757 231 46041.0576884
758 276 50543.2019229
759 260 38137.9067308
760 234 55985.9635577
761 221 39606.2654519
762 173 23428.3088484
763 213 41264.8436283
764 272 56699.8614543
765 197 25943.8953818
766 251 32916.6631794
767 251 31895.7554393
768 291 71578.791848
769 230 26696.7930616
770 263 28004.4264354
771 289 52774.4475478
772 193 21504.0815849
773 231 19762.1027195
774 247 44573.303424
775 216 34274.5434475
776 277 48023.0514482
777 229 30326.5350483
778 304 61224.9178349
779 272 34280.1639278
780 235 35769.2054643
781 183 27390.7401821
782 243 30392.1580061
783 211 49098.9719335
784 257 30314.8657311
785 221 32337.4288577
786 243 35014.4142953
787 267 47367.1804765
788 175 23777.7060159
789 247 45771.3568672
790 218 36031.5118956
791 195 31076.5503965
792 218 28318.1183466
793 195 32719.9706116
794 219 25560.8323537
795 212 29225.7610785
796 262 40651.3587026
797 293 51965.5786234
798 188 24146.8526208
799 252 47853.361754
800 214 35879.0787251
801 210 34470.4692908
802 215 45901.515643
803 193 38637.9171881
804 221 37349.8639063
805 256 36865.5287969
806 285 62774.2509599
807 204 22372.475032
808 231 41563.4158344
809 284 69296.9805278
810 242 28364.4326843
811 176 18145.9144228
812 208 49831.5304808
813 193 27704.151016
814 218 25134.2050339
815 260 43929.4401678
816 236 45551.5813389
817 287 31866.8860446
818 232 42986.6962015
819 199 26798.0232067
820 263 32488.2341069
821 160 24279.3744702
822 227 31337.779149
823 292 32030.5259716
824 178 19144.5841991
825 237 28025.28614
826 280 71747.009538
827 228 54469.0336513
828 232 27704.234455
829 251 39647.3411485
830 193 35351.1780383
831 182 21116.9392679
832 206 37433.0979756
833 174 15175.6365992
834 233 31089.7878866
835 254 35885.9929296
836 216 37750.4997643
837 176 30293.4166588
838 217 26309.2138886
839 158 19026.3071296
840 225 38038.8102377
841 173 16779.7936746
842 183 35520.3931225
843 227 19216.8464374
844 164 15049.5282146
845 193 24191.8842738
846 237 20164.0294758
847 161 19161.3009825
848 201 33086.7433661
849 216 41656.7581122
850 208 30537.5252704
851 209 33061.1508423
852 263 53793.1716947
853 200 17751.6057232
854 258 41140.7535241
855 266 53550.6251175
856 202 26054.4541706
857 196 21121.7818057
858 242 44639.8593935
859 258 61612.5953131
860 251 41823.5531771
861 219 29133.7184392
862 199 27578.9906146
863 242 33061.7663538
864 203 24867.2255451
865 255 44886.7075182
866 235 33421.9235839
867 169 19821.3307861
868 252 43964.5776929
869 265 45699.5192564
870 285 57703.8506419
871 221 31823.2950214
872 258 43648.509834
873 209 30544.5503278
874 232 30813.1183443
875 256 27921.2039448
876 285 59994.4067982
877 215 45468.2802266
878 172 15320.1426742
879 220 31507.6714225
880 205 23672.5890474
881 174 20949.5529682
882 277 34163.1184323
883 245 47693.5039477
884 212 20318.3501316
885 212 23994.1116711
886 208 45855.9370557
887 254 47327.6645685
888 248 37447.9221523
889 263 55016.7307384
890 247 24372.8243579
891 193 21310.6941453
892 299 50159.9898048
893 163 19832.4996602
894 177 30652.0499887
895 267 30147.6016663
896 185 29101.6533889
897 215 33627.255113
898 206 26666.5085038
899 198 26591.3502835
900 166 22437.0783428
901 210 28901.8359448
902 277 29525.8278648
903 187 26113.0609288
904 232 29167.0686976
905 232 72618.7689566
906 219 41656.8589652
907 172 16338.7952988
908 240 42708.5598433
909 228 51137.0186614
910 245 31865.6339554
911 184 19976.9877985
912 181 22460.0329266
913 228 24617.1677642
914 229 35389.2055921
915 235 43140.2735197
916 245 31036.6091173
917 224 32207.7869706
918 153 12725.792899
919 203 25010.6930966
920 190 23280.4231032
921 232 26060.3474368
922 208 24289.8449146
923 236 43595.2281638
924 240 27273.0409388
925 212 48867.2680313
926 207 39625.975601
927 187 28144.83252
928 198 20698.5944173
929 211 26967.7198139
930 194 22802.0906605
931 171 24500.103022
932 202 33177.8367674
933 187 24302.6945589
934 209 25204.223152
935 245 28756.8074384
936 236 36469.9269146
937 272 27184.8642305
938 203 22408.8288077
939 257 29629.0942936
940 225 35101.9698098
941 205 29589.7656603
942 225 32930.3921887
943 196 25196.2797396
944 231 56652.7093247
945 217 39749.1236442
946 222 36209.8041215
947 276 38436.6601374
948 284 30605.6220046
949 259 28836.9207335
950 210 26235.9973578
951 256 41513.2999119
952 161 15382.0766637
953 268 63025.7025555
954 236 22536.9567518
955 216 20354.6318917
956 270 31982.2877297
957 204 32997.5429243
958 218 31255.4514308
959 250 43511.1817144
960 206 36544.7727238
961 186 37120.1257575
962 218 32856.0708586
963 219 28202.4356953
964 205 32411.4145232
965 191 18039.4804841
966 212 45761.5826828
967 245 26838.0860894
968 149 19236.1028696
969 206 27049.0700957
970 208 28868.2690032
971 262 32136.8423001
972 229 25881.7947433
973 215 21559.7931581
974 197 28297.3597719
975 275 63466.3786591
976 216 29394.7792886
977 176 27518.9259763
978 229 31833.1975325
979 205 35949.0732511
980 205 26670.2691084
981 185 16742.3756369
982 254 32307.0458546
983 227 29923.3348618
984 170 22490.3778287
985 190 21474.879261
986 179 25042.8293087
987 231 23229.0276436
988 186 21031.5675881
989 240 43673.3522529
990 204 23704.2117418
991 226 21373.8737247
992 194 23320.9291242
993 157 28066.4309708
994 223 36739.447699
995 210 23349.48159
996 290 38746.4827197
997 229 36267.1160907
998 212 36454.5705364
999 251 31539.0523512
1000 199 23807.401745
1001 305 38135.7800582
1002 176 26010.7593353
1003 232 39058.9253112
1004 197 28976.864177
1005 186 14786.8621392
1006 227 27686.5620713
1007 256 40561.0854024
1008 200 18032.9695134
1009 184 16456.4323171
1010 263 41901.9144106
1011 190 30513.7638137
1012 232 35045.5254605
1013 204 18878.6175153
1014 169 22337.5539172
1015 246 23097.6517972
1016 273 53030.1217266
1017 230 31415.0373909
1018 176 28984.567913
1019 242 59484.7522638
1020 251 30214.8250755
1021 150 10753.8941692
1022 203 21189.4298056
1023 228 29285.0809935
1024 191 23438.3693665
1025 192 21480.7456455
1026 239 31792.3248549
1027 226 34577.9108285
1028 233 31537.2636943
1029 220 23046.8087898
1030 238 26010.9936263
1031 246 35920.6331209
1032 170 45258.7544374
1033 197 20176.4584812
1034 284 31604.248616
1035 207 29526.2749539
1036 197 61720.8091651
1037 218 24855.8936388
1038 161 23944.229788
1039 193 26435.8743263
1040 230 26025.2958109
1041 201 25194.1098604
1042 155 15287.0703287
1043 196 31563.1356776
1044 230 26433.4378559
1045 246 27081.9812619
1046 263 56796.1660421
1047 179 19854.3055347
1048 276 32570.2101845
1049 197 26171.3403395
1050 181 24403.044678
1051 244 41981.7348226
1052 197 22073.3244941
1053 187 23080.6441498
1054 216 19722.8214717
1055 235 39585.8273824
1056 231 39045.0275794
1057 204 21247.8342526
1058 229 38187.0611418
1059 189 21393.4020381
1060 205 28589.6467346
1061 228 26586.0548912
1062 219 34327.835163
1063 198 32009.9611721
1064 226 26857.5987057
1065 201 23604.7532902
1066 181 24755.2917763
1067 246 41697.5430592
1068 220 18627.318102
1069 171 20368.9106034
1070 180 22762.4970201
1071 197 19750.483234
1072 221 27711.5161078
1073 226 37125.6838703
1074 252 48364.2227957
1075 222 26563.6074265
1076 206 22894.1535809
1077 203 15265.7384527
1078 184 20753.2246151
1079 207 17072.0408205
1080 173 17637.2013607
1081 169 22987.7733787
1082 196 33691.4257793
1083 239 36124.2141926
1084 181 23618.7071398
1085 229 33653.790238
1086 255 48543.6263413
1087 180 18038.6875447
1088 164 21656.5229182
1089 197 23257.2174306
1090 239 20029.040581
1091 220 28963.534686
1092 209 21394.8844895
1093 184 33572.2628163
1094 218 27159.4087605
1095 179 17951.1136254
1096 204 22684.9371208
1097 237 25507.4645707
1098 202 21888.2154857
1099 218 26313.9738495
1100 203 26362.9991283
1101 278 37599.8333043
1102 217 27315.2611101
1103 260 50491.6753703
1104 173 12728.089179
1105 136 19413.736306
1106 169 19951.4912102
1107 213 21857.7830403
1108 151 12547.9261013
1109 173 14220.3642034
1110 247 32658.3454734
1111 218 23872.0781824
1112 186 30386.8026061
1113 172 12740.5934202
1114 199 24260.9864473
1115 218 38563.5328816
1116 168 23601.0177627
1117 219 31134.1005921
1118 228 39511.1366864
1119 167 10909.1045562
1120 135 15451.5368185
1121 213 18850.017894
1122 152 25478.3005965
1123 231 44832.3433532
1124 289 31945.9447784
1125 213 31869.9648259
1126 183 44610.5321609
1127 209 33563.1177387
1128 229 21624.7039246
1129 226 20081.8567975
1130 185 20938.5952266
1131 196 21481.7198409
1132 208 27945.657328
1133 241 41975.8552443
1134 223 17706.5618415
1135 204 27302.1853947
1136 232 29898.4395132
1137 230 36502.8146504
1138 275 36943.227155
1139 204 27369.1742385
1140 232 26517.2724746
1141 191 31000.8757492
1142 165 11722.8291916
1143 194 17035.5943064
1144 259 31962.8198102
1145 191 32777.027327
1146 207 20806.1342442
1147 238 25153.0711415
1148 190 18554.7357047
1149 186 18697.1578568
1150 194 25462.7719286
1151 168 17258.6590643
1152 227 24496.3886355
1153 163 15355.2462878
1154 129 9497.37487626
1155 150 19080.6791625
1156 176 19413.7893054
1157 176 19554.6596435
1158 160 25351.1553215
1159 155 14176.571844
1160 216 31099.8190615
1161 236 32757.0606354
1162 190 11059.0353545
1163 167 17299.3011785
1164 229 33876.1767059
1165 166 17982.8058902
1166 197 20983.9601963
1167 220 33245.3320065
1168 215 27103.2444002
1169 217 32051.44148
1170 178 16283.9813827
1171 151 17271.9327128
1172 227 30512.1977571
1173 199 32390.4732586
1174 187 23440.9157753
1175 195 27088.5971925
1176 308 36962.5532398
1177 180 19010.0184413
1178 191 25921.1672814
1179 209 29409.505576
1180 184 26822.6168525
1181 231 37599.5872284
1182 232 28499.5195743
1183 172 21241.2839858
1184 222 32454.1427995
1185 205 24628.6714267
1186 156 15379.4223809
1187 214 34635.6474127
1188 246 38823.7882471
1189 228 30810.1596082
1190 205 23349.0053203
1191 227 22032.166844
1192 223 20570.9722281
1193 153 14624.7990743
1194 171 28144.5933025
1195 176 16416.8197767
1196 185 16159.3606592
1197 224 39317.6786886
1198 188 34120.922623
1199 195 30648.3974208
1200 195 26826.4132474
1201 205 20029.6137749
1202 162 15558.4537925
1203 179 18726.4151264
1204 180 21112.4805042
1205 244 25348.9160168
1206 164 15504.1305339
1207 150 13808.5710178
1208 219 28602.4523673
1209 194 27370.8150789
1210 201 15636.4605026
1211 231 18636.8820168
1212 231 21520.7627339
1213 165 19219.0254245
1214 176 14796.1675141
1215 227 38311.1055838
1216 196 22847.6368528
1217 198 20829.8545618
1218 161 13203.4951521
1219 181 15878.1165051
1220 218 34595.8705502
1221 262 27756.7290183
1222 232 30603.7909673
1223 175 19898.2930322
1224 238 32697.0097677
1225 236 21733.1669923
1226 198 16889.6388997
1227 236 28260.3212967
1228 154 19571.7107099
1229 189 19953.9236903
1230 210 20534.9307897
1231 228 22373.397693
1232 243 31209.3132564
1233 213 24522.3437752
1234 187 21972.5781258
1235 209 25521.6859375
1236 234 22998.4895313
1237 165 11128.8829844
1238 233 36421.2294328
1239 248 31851.9076478
1240 230 28665.6635883
1241 179 19116.7221196
1242 259 38829.2240707
1243 237 31355.8741357
1244 240 43276.9958045
1245 195 28156.2998602
1246 211 25151.876662
1247 214 16759.5625554
1248 194 26384.0854185
1249 215 22971.2028473
1250 173 39555.7067616
1251 171 25469.4235587
1252 163 20560.547452
1253 187 20477.9182484
1254 221 28737.3306083
1255 233 35235.0443536
1256 188 23426.5014785
1257 193 33604.3833826
1258 204 17223.7794461
1259 167 12961.1259815
1260 195 19945.8708661
1261 238 30729.1623622
1262 169 18814.0054121
1263 186 22344.9335137
1264 217 35667.1977838
1265 190 28765.6399261
1266 243 38479.3879975
1267 187 19779.3795999
1268 172 18006.5126533
1269 211 22186.5170884
1270 250 36196.7839029
1271 164 15623.4261301
1272 217 26333.480871
1273 234 24352.516029
1274 181 16727.1838676
1275 166 21120.2727956
1276 216 40894.0757599
1277 193 14501.8025253
1278 204 23850.2267508
1279 197 23974.7075584
1280 212 21597.6235853
1281 225 12505.3541195
1282 167 14931.8784707
1283 245 31807.8292824
1284 156 11766.9276427
1285 209 34476.5642548
1286 196 25144.9521418
1287 182 17726.6984047
1288 207 27959.0232802
1289 193 24221.3341093
1290 229 21261.0444703
1291 205 36696.7348157
1292 181 20228.4244939
1293 172 19271.6141498
1294 183 21529.353805
1295 168 17015.5117935
1296 243 21601.2170598
1297 182 19551.5405687
1298 183 24259.718019
1299 179 20737.9572673
1300 225 19700.7652422
1301 163 18854.5921747
1302 188 20961.5530725
1303 199 21735.0851024
1304 218 32690.7695034
1305 234 27701.0256501
1306 164 21089.300855
1307 173 11767.7100285
1308 211 16591.857001
1309 204 22087.8619
1310 222 26604.7953967
1311 199 26209.9931799
1312 178 25416.2997727
1313 212 41296.1433258
1314 189 29477.5714442
1315 174 13347.8190481
1316 234 23584.5606349
1317 208 20617.9520212
1318 177 27779.1650674
1319 223 23497.1055022
1320 214 25558.0368501
1321 219 25699.467895
1322 209 17854.8822632
1323 184 15310.0960754
1324 199 23966.7698692
1325 223 25655.0256623
1326 187 24637.7341887
1327 180 18979.4578063
1328 155 12681.6819269
1329 196 19814.7560642
1330 190 20728.3918688
1331 141 15482.6130623
1332 181 17175.5871021
1333 180 17948.0195701
1334 164 15319.2006523
1335 260 37146.3066884
1336 154 20957.2102229
1337 181 22327.8736741
1338 168 17820.9957891
1339 181 15802.033193
1340 206 19778.3677731
1341 162 16447.3122591
1342 142 12319.443742
1343 215 31061.1481247
1344 198 14612.0049375
1345 149 15980.9334979
1346 147 14683.1644499
1347 231 22929.2054817
1348 238 47353.2735161
1349 174 24796.6424505
1350 211 17402.721415
1351 135 19038.5240472
1352 216 28419.6841349
1353 194 19429.4228045
1354 166 19611.8807601
1355 213 25169.3960253
1356 181 20580.6798675
1357 208 21574.4559956
1358 245 20829.5485332
1359 220 23979.0182844
1360 149 19795.8006095
1361 210 55434.6600203
1362 219 21546.3886673
1363 204 21631.1796222
1364 196 13188.7726541
1365 198 33915.8590885
1366 216 20283.9286363
1367 206 31406.6976212
1368 151 13672.8565874
1369 185 21238.8952196
1370 204 45057.9965073
1371 178 21483.3998836
1372 174 14288.9466628
1373 217 24295.6315554
1374 151 11473.1877185
1375 166 14609.572924
1376 191 18027.7524308
1377 172 19305.525081
1378 157 15943.0175027
1379 166 13734.0339168
1380 128 12899.2677972
1381 212 28567.8422599
1382 251 29112.794742
1383 222 32973.6264914
1384 180 11372.7875497
1385 202 23002.6929183
1386 143 10329.2897639
1387 224 30740.6429921
1388 214 35766.8547664
1389 200 14963.6618255
1390 209 33614.1887275
1391 194 20030.0396243
1392 192 12193.4346541
1393 222 44057.5478218
1394 175 27996.2515941
1395 174 22532.5417198
1396 198 30757.484724
1397 162 20491.5161575
1398 181 25345.5172052
1399 185 18408.8839068
1400 196 20137.4961302
1401 165 11907.6165377
1402 187 21474.5538846
1403 172 15711.0851295
1404 200 12941.6028376
1405 164 22538.9867613
1406 238 31202.932892
1407 138 9887.4310964
1408 168 11709.7810365
1409 188 20410.5593679
1410 217 31975.6853123
1411 258 24595.7228437
1412 215 30969.9240948
1413 188 20624.6308032
1414 203 20225.1210268
1415 224 26849.9707009
1416 129 8933.69902336
1417 166 32016.9899674
1418 184 26276.8663322
1419 203 22025.6955444
1420 212 26235.0231848
1421 212 29876.6007728
1422 180 25426.9200258
1423 213 25505.4973342
1424 135 12389.0165778
1425 202 15778.8005526
1426 156 11954.0600184
1427 193 22382.3686673
1428 163 15224.7456222
1429 148 13335.9915207
1430 186 20737.9997174
1431 175 25638.9999906
1432 191 26041.533333
1433 130 10051.3511111
1434 194 30183.145037
1435 141 13953.1715012
1436 182 17397.4723834
1437 188 19300.8157461
1438 206 21708.3271915
1439 218 25358.6775731
1440 183 21061.5559191
1441 171 20912.8185306
1442 175 20155.6272844
1443 171 16561.8542428
1444 151 17270.9951414
1445 167 18522.099838
1446 178 32564.9033279
1447 255 43539.1301109
1448 194 22257.7710037
1449 188 21143.5923668
1450 159 15545.9530789
1451 177 15827.8651026
1452 160 16333.6621701
1453 196 27677.0554057
1454 196 24701.1018469
1455 255 34521.5033949
1456 190 20243.3501132
1457 189 19779.9783371
1458 213 18218.6659446
1459 134 13622.0888648
1460 211 20226.7362955
1461 175 10393.6245432
1462 212 24671.5874848
1463 171 10935.7529162
1464 175 21827.8917639
1465 190 24136.7297255
1466 179 19092.5243242
1467 213 34361.6174775
1468 189 17077.7205826
1469 175 27041.2240194
1470 191 34067.5074673
1471 197 21604.8835822
1472 182 20041.7627861
1473 202 14596.8254262
1474 207 38922.5275142
1475 165 13601.3509171
1476 159 17525.1783639
1477 182 18721.4059455
1478 171 17306.2801982
1479 167 20209.6093399
1480 192 19468.586978
1481 183 25016.4195659
1482 191 20533.2473189
1483 198 20760.108244
1484 169 15137.8036081
1485 193 21667.7934536
1486 166 17187.7931151
1487 196 22271.1931038
1488 168 13547.4397701
1489 197 18770.3813257
1490 211 24307.0127109
1491 182 16575.633757
1492 135 10018.3544586
1493 183 13078.7118153
1494 140 26948.9570605
1495 169 11155.531902
1496 164 18377.7510634
1497 149 14144.1583688
1498 156 8756.43861229
1499 157 20735.7812871
1500 192 18750.9260429
1501 146 12268.8975348
1502 178 16317.6299178
1503 215 23444.2876639
1504 227 27422.7429221
1505 166 17609.9247641
1506 175 17036.4641588
1507 183 17185.3488053
1508 223 27827.0449602
1509 250 22878.9014987
1510 176 19969.4967166
1511 192 15387.8498906
1512 149 12566.961663
1513 149 11802.9987221
1514 158 10931.0999574
1515 214 23723.1366652
1516 172 15909.0378888
1517 186 16247.8345963
1518 174 21908.8944865
1519 146 13791.0964829
1520 139 11685.2032161
1521 215 22097.7067739
1522 217 26072.1235591
1523 210 14758.4707853
1524 173 18866.7156928
1525 228 22540.2571898
1526 181 15508.2752397
1527 167 16609.742508
1528 184 20270.7247503
1529 217 39766.1574917
1530 155 11944.8052497
1531 212 26466.8268417
1532 228 22566.1275614
1533 163 17778.704252
1534 189 16970.9568084
1535 181 21676.9318936
1536 164 15518.7977298
1537 174 19889.3599243
1538 224 28722.8119975
1539 219 29095.2603999
1540 172 18560.8753467
1541 165 16463.6958449
1542 196 24333.3231948
1543 260 22453.4441065
1544 194 20886.7148035
1545 236 28987.6238268
1546 235 26740.1874609
1547 161 13887.5062487
1548 210 15004.7835416
1549 168 13012.8594514
1550 199 31681.195315
1551 178 17749.8398438
1552 139 13156.0613281
1553 197 19046.9353776
1554 213 27567.0311793
1555 194 26561.9010393
1556 131 8943.33003464
1557 211 29857.3110012
1558 190 19715.8770334
1559 186 26258.6292344
1560 185 20050.6876411
1561 191 24682.2229214
1562 226 27468.1074307
1563 228 23425.803581
1564 177 24811.4601194
1565 159 11802.782004
1566 189 20750.1594001
1567 165 11723.3053133
1568 197 30806.3101771
1569 167 16789.6770059
1570 182 14978.2559002
1571 191 21734.70853
1572 202 26436.256951
1573 157 9574.64189837
1574 139 12910.5547299
1575 190 20202.0518243
1576 213 21460.3683941
1577 170 25761.1122798
1578 184 19133.737076
1579 199 17562.1245692
1580 158 12425.8374856
1581 203 16509.8945829
1582 155 14971.5298194
1583 162 16532.4843273
1584 170 16877.5161442
1585 211 31662.9172048
1586 202 19076.3972402
1587 154 21848.379908
1588 179 19465.9793303
1589 234 28107.399311
1590 168 20932.5133104
1591 225 24755.2171103
1592 209 32790.107237
1593 154 16630.7035746
1594 195 24151.5234525
1595 169 14519.7174484
1596 171 17073.5905816
1597 175 21661.2530194
1598 162 15724.208434
1599 164 14958.3069478
1600 147 19227.7102316
1601 163 15959.3903411
1602 159 19539.779678
1603 177 14764.4259893
1604 181 18416.747533
1605 169 18513.3249178
1606 241 32967.6441639
1607 153 19441.9548055
1608 197 15633.3984935
1609 203 17080.3466165
1610 225 27314.8448872
1611 192 17118.5281629
1612 198 31042.3176054
1613 211 15475.7772535
1614 168 26707.7592418
1615 222 26088.2586414
1616 147 12087.9419547
1617 219 17781.4647318
1618 200 17518.4154911
1619 171 16684.7138497
1620 182 20346.323795
1621 177 20243.5441265
1622 228 21664.8848042
1623 166 17855.2628268
1624 175 20554.5754276
1625 203 17980.6858476
1626 180 11761.1895283
1627 177 16292.1063176
1628 174 19397.0035439
1629 166 14408.4001181
1630 184 16571.3133373
1631 192 21398.0437779
1632 207 21932.8681259
1633 149 14470.3289375
1634 180 14167.9442979
1635 164 22310.5981433
1636 123 17083.0199381
1637 213 20330.2673313
1638 143 14814.4422444
1639 209 20550.7480748
1640 195 15937.4582692
1641 188 17380.248609
1642 159 12070.1749536
1643 176 14076.5724985
1644 258 33451.0857499
1645 178 14069.4028583
1646 194 11635.4467619
1647 134 11811.5482254
1648 197 18657.2849408
1649 224 23972.4761647
1650 217 18891.2492055
1651 180 19492.5083068
1652 171 24224.5836102
1653 236 26265.3194537
1654 187 24443.8439818
1655 164 17341.0947994
1656 151 17457.90316
1657 172 23332.796772
1658 210 15008.5932257
1659 145 11884.9864409
1660 146 16768.099548
1661 207 22979.7033183
1662 147 11646.1234439
1663 241 28661.7041148
1664 184 17495.4234705
1665 171 17438.7807823
1666 198 16731.2593594
1667 158 10206.675312
1668 157 8381.9225104
1669 157 10181.8640837
1670 175 23342.0954695
1671 244 21511.0031823
1672 148 14559.6001061
1673 182 19976.8533369
1674 149 10282.4617779
1675 139 14071.5487259
1676 216 29779.7849575
1677 217 40421.2928319
1678 163 19568.6097611
1679 202 15063.4203254
1680 187 31979.1140108
1681 112 9120.40380036
1682 158 21432.7801267
1683 213 32634.9593376
1684 202 22975.9653113
1685 168 15308.2988437
1686 186 22149.8099615
1687 134 13823.1269987
1688 203 23358.1042333
1689 178 24499.3034744
1690 123 11280.9767825
1691 185 20794.0658927
1692 204 21468.7355298
1693 209 18190.5245177
1694 189 17771.9508173
1695 189 14129.8650272
1696 190 23706.5621676
1697 187 16830.0854056
1698 159 26323.3361802
1699 166 18445.9445393
1700 174 20493.064818
1701 188 16899.1354939
1702 161 11105.3378498
1703 166 19033.9779283
1704 183 21256.5659309
1705 149 10665.585531
1706 189 19290.152851
1707 199 15132.705095
1708 166 12874.6568365
1709 169 21586.4552279
1710 197 18048.3818409
1711 144 13874.3460614
1712 173 13554.4115354
1713 175 18248.1470512
1714 207 25258.238235
1715 210 26535.4412745
1716 145 16218.5147092
1717 167 13673.5838236
1718 177 14084.3861275
1719 198 22881.1462042
1720 177 14243.6382068
1721 166 14111.2879402
1722 145 14171.909598
1723 153 18193.6636533
1724 179 18694.2554551
1725 165 14041.1418485
1726 192 15234.3380616
1727 173 24968.1112687
1728 176 17480.003709
1729 166 16795.733457
1730 167 25896.8244486
1731 169 17887.6941483
1732 178 20981.6898049
1733 189 21308.4229935
1734 153 13152.1140998
1735 199 14637.6371367
1736 153 10744.3212379
1737 140 10454.3773746
1738 209 21370.2125792
1739 168 16767.007086
1740 173 17185.2002362
1741 186 14409.1733412
1742 153 10083.3391114
1743 177 17464.7779704
1744 226 20180.492599
1745 158 17750.6830866
1746 140 17356.0227696
1747 197 28191.2340923
1748 160 11131.9078031
1749 240 27223.6302601
1750 182 17789.4210087
1751 167 18638.747367
1752 153 9845.5915789
1753 168 11616.686386
1754 165 12287.2228795
1755 195 15110.0074293
1756 176 14221.233581
1757 195 21919.9744527
1758 124 8148.36581509
1759 193 25343.4121938
1760 163 26005.4804065
1761 173 20845.9493469
1762 169 16223.8983116
1763 165 23475.8966104
1764 155 12770.2632203
1765 199 24574.0421073
1766 161 9519.40140358
1767 218 28132.7800468
1768 180 13156.0593349
1769 175 20467.4353112
1770 161 12184.6145104
1771 134 13436.8871503
1772 161 30951.1295717
1773 189 19055.0709857
1774 190 11337.3023662
1775 197 25802.1100789
1776 236 29558.1036693
1777 164 11648.7701223
1778 171 14594.2256707
1779 168 20915.0075224
1780 199 25955.3669174
1781 125 9619.01223058
1782 196 22098.8004077
1783 196 23557.7600136
1784 227 20828.1253338
1785 165 11282.6708445
1786 132 12822.1556948
1787 197 11085.0385232
1788 163 22960.7012841
1789 147 15377.6900428
1790 169 22491.6896681
1791 197 24978.6896556
1792 199 19174.5896552
1793 201 20780.9196552
1794 200 24672.9306552
1795 141 16373.1643552
1796 195 16525.3721452
1797 181 15304.6457382
1798 176 17585.8881913
1799 144 10721.4629397
1800 183 13290.4154313
1801 154 13710.1138477
1802 198 17115.9037949
1803 162 14324.1634598
1804 201 23449.4054487
1805 166 13145.2468483
1806 183 18862.5082283
1807 168 13808.8502743
1808 195 17398.9616758
1809 152 11627.9987225
1810 132 12696.7666241
1811 183 20435.5255541
1812 172 21880.3841851
1813 199 22148.3461395
1814 155 11119.711538
1815 179 19451.5903846
1816 204 18582.0196795
1817 181 14012.9339893
1818 154 10969.631133
1819 171 16670.7543711
1820 127 12241.458479
1821 215 19945.248616
1822 152 11875.1082872
1823 200 19504.6369429
1824 188 18090.6545648
1825 150 15825.3551522
1826 145 14321.3451717
1827 155 8293.51150572
1828 198 18938.6837169
1829 193 19040.9894572
1830 161 16625.2996486
1831 184 23228.6433216
1832 152 13047.6547774
1833 208 23521.9884926
1834 181 16892.7996164
1835 158 10820.9933205
1836 165 17122.8997774
1837 234 18392.5966592
1838 164 15612.2198886
1839 163 15439.8073296
1840 192 18949.926911
1841 185 17389.630897
1842 175 14231.3876966
1843 164 14218.4795899
1844 143 10945.7159863
1845 141 11242.7238662
1846 142 5344.52412887
1847 171 19831.3841376
1848 189 14056.6461379
1849 195 14238.0548713
1850 162 22984.001829
1851 164 15343.000061
1852 215 39188.400002
1853 162 14867.5133334
1854 136 10067.3171111
1855 133 10558.3105704
1856 182 14954.977019
1857 175 13403.0325673
1858 243 31766.4344189
1859 202 20352.047814
1860 152 14095.3349271
1861 211 23408.0778309
1862 141 13267.0359277
1863 195 25917.4345309
1864 180 26421.3478177
1865 149 7513.34492726
1866 182 16858.4114976
1867 173 10354.5803833
1868 156 13072.2860128
1869 165 16666.8095338
1870 164 14267.9603178
1871 171 17865.3320106
1872 153 12590.0777337
1873 136 19835.2025911
1874 165 16012.306753
1875 186 12428.0768918
1876 187 13584.7692297
1877 214 22030.7923077
1878 149 12968.1930769
1879 156 17684.8731026
1880 208 18076.7624368
1881 159 12202.0920812
1882 179 22757.769736
1883 183 17559.5923245
1884 194 24266.7530775
1885 162 16467.7917692
1886 164 16025.8597256
1887 183 27642.7953242
1888 193 16051.9265108
1889 175 13966.064217
1890 155 12468.5688072
1891 194 19695.1856269
1892 160 11495.8395209
1893 193 20030.727984
1894 133 11826.4242661
1895 182 22479.9808089
1896 171 17757.766027
1897 200 18930.9255342
1898 145 16224.8975178
1899 182 19807.0965839
1900 197 16196.1032195
1901 137 9075.63677398
1902 165 10115.6545591
1903 106 8906.85515197
1904 141 9322.5618384
1905 218 22958.7520613
1906 172 12718.6917354
1907 163 11726.3563912
1908 172 15717.745213
1909 172 14626.1248404
1910 175 11617.2374947
1911 199 17401.2412498
1912 181 18412.141375
1913 191 27025.4713792
1914 121 9802.74904597
1915 132 12711.3249682
1916 167 12446.4108323
1917 171 16036.3136944
1918 183 16836.1104565
1919 160 22492.4703485
1920 131 12057.7490116
1921 146 8393.49163372
1922 184 15318.0830545
1923 144 8933.86943515
1924 141 8073.79564784
1925 182 20074.3598549
1926 175 16564.3119952
1927 188 22674.4103998
1928 194 20441.3803467
1929 182 14244.4793449
1930 152 13243.3493115
1931 211 27140.244977
1932 177 18469.4081659
1933 183 17647.4802722
1934 172 16092.7826757
1935 218 19956.0260892
1936 175 17992.234203
1937 209 17419.9744734
1938 159 13982.3324824
1939 135 5702.94441608
1940 174 17865.8648139
1941 135 10590.7288271
1942 195 16755.2576276
1943 197 42526.5085876
1944 170 20383.4836196
1945 158 10934.0827873
1946 141 11642.7694262
1947 153 26766.2589809
1948 196 17351.4086327
1949 191 20029.4469544
1950 158 17635.9148985
1951 161 15223.8971633
1952 178 28681.3299054
1953 170 13830.5109968
1954 171 14620.9503666
1955 147 14909.3983456
1956 153 16788.3799449
1957 140 10467.3793315
1958 189 24930.279311
1959 215 24874.775977
1960 163 11327.5258659
1961 186 18108.6175289
1962 144 13954.0539176
1963 197 22258.4684639
1964 179 15643.3822821
1965 190 14567.4794094
1966 132 13246.182647
1967 146 9284.13942157
1968 172 16623.4379807
1969 178 20809.6145994
1970 199 25962.35382
1971 128 13954.711794
1972 170 10787.3237265
1973 154 9461.77745755
1974 199 18999.7592486
1975 134 10053.991975
1976 131 13070.4330658
1977 150 8873.84776886
1978 185 17444.528259
1979 132 8706.75094197
1980 185 14109.6583647
1981 143 13675.9552788
1982 209 17302.465176
1983 133 8410.78217253
1984 191 15672.8260724
1985 175 10265.2275357
1986 180 21620.8409179
1987 179 12682.3280306
1988 158 18680.4442677
1989 119 7377.98147559
1990 142 6204.63271585
1991 185 16216.0210905
1992 203 22577.700703
1993 169 13876.1900234
1994 192 20467.0063341
1995 189 19213.1668778
1996 205 26465.4055626
1997 144 13013.8801854
1998 153 11230.4293395
1999 142 10943.6476447
